0.00, -3032, 204, 17224, -284, -715, 1070
0.13, 1968, -2224, 13216, 29, -506, 805
0.23, 2596, -2396, 14016, 77, 165, 255
0.31, -1800, -3780, 15064, 140, -488, 476
0.40, 5112, -944, 17432, -240, 628, 367
0.44, 3400, -904, 12668, 322, 790, 254
0.56, -1424, -1644, 15204, -75, -612, 785
0.65, 3612, -3200, 17316, -47, -375, 1638
0.74, 3124, 172, 12416, 194, 416, 2105
0.79, 3584, -1936, 17812, 375, 274, 1602
0.86, -1504, 3192, 16928, -333, 266, 1074
0.92, 7576, -1700, 20008, -919, 2183, 342
0.97, 4908, 1952, 16252, -836, 2351, 227
1.00, -1140, 2376, 13624, -154, 2534, 122
1.04, -4932, -932, 8736, 32, 2667, -497
1.11, -10336, -2244, 9164, -262, 2392, -39
1.15, -17772, -964, 9040, -347, 1449, -52
1.17, -16272, -2752, 7812, -390, 1274, 126
1.22, -10272, -2936, 9108, -112, -246, 317
1.26, -12688, -3268, 10892, -7, -627, -232
1.33, -8136, -6124, 10952, -425, -24, -160
1.36, -3596, -4440, 10176, -579, 268, -127
1.38, -5252, -3272, 16020, -784, 615, -193
1.42, -11192, -6008, 10460, -515, 780, -96
1.44, -10296, -6576, 15000, -946, 784, -26
1.46, -11632, -8696, 9424, -533, 803, 2
1.49, -11728, -8372, 10528, -552, 613, 257
1.52, -9804, -6148, 9788, -337, 721, 493
1.55, -10020, -6540, 5904, -218, 609, 113
1.60, -10604, -5344, 8144, 380, 421, -184
1.65, -13816, -6504, 12432, 349, 256, -283
1.70, -14492, -7524, 14980, -103, 144, 208
1.75, -11656, -4764, 7544, -253, -186, 424
1.77, -9692, -4444, 5040, -372, -2, 587
1.79, -9568, -6304, 8340, -436, 235, 755
1.82, -10444, -10020, 6800, -168, 481, 682
1.85, -11244, -9016, 8776, 59, 766, 576
1.90, -10952, -5636, 7860, 267, 557, 422
1.96, -14152, -916, 6808, 205, -483, 726
2.04, -9720, -5868, 9768, 216, -327, 636
2.06, -14140, -6196, 9648, 379, 662, -42
2.09, -17516, -2076, 9580, 383, 342, -445
2.13, -18672, -2216, 9404, 402, -164, -310
2.16, -19456, -1608, 8212, 295, -378, 190
2.19, -17820, -1536, 10592, 245, -743, 390
2.21, -16632, -1808, 9576, 251, -801, 639
2.26, -11216, -1820, 11156, 365, -819, 463
2.29, -4852, -2784, 7160, 346, 56, 15
2.34, -6604, -1540, 5400, 124, 1266, -745
2.39, -15808, 1232, 6612, -297, 883, -658
2.44, -21624, -5284, 8680, 193, -106, -325
2.48, -20608, -6092, 9872, 605, -685, -59
2.50, -18140, -5420, 8472, 828, -941, 5
2.53, -14516, -3136, 8880, 871, -893, -42
2.54, -12352, -2944, 9284, 944, 467, -22
2.66, -10024, -2892, 6444, 850, 737, -187
2.70, -13536, -504, 7480, 806, 756, -196
2.73, -16112, -1068, 7256, 823, 261, -188
2.77, -16752, 308, 8244, 680, 160, -160
2.80, -17500, 24, 4640, 441, -297, -23
2.86, -16016, 136, 7584, -30, -715, 234
2.89, -13244, 1140, 7892, -161, -617, 275
2.94, -13308, 656, 10756, -70, -358, 287
2.97, -12364, 724, 11868, -152, -301, 269
2.99, -12064, -1012, 11024, -149, -308, 510
3.01, -10892, -600, 10676, -223, -154, 182
3.03, -11024, -2236, 10860, -140, 98, 69
3.08, -8768, -1368, 10812, -240, 500, 50
3.12, -8712, -752, 10888, -354, 780, -11
3.17, -13792, -728, 9524, -78, 772, -134
3.25, -17036, -1592, 7952, 31, 259, -268
3.28, -17040, -836, 7420, 34, -91, -233
3.32, -13108, -1816, 8680, 85, -134, 233
3.38, -13356, -1176, 10300, -27, -224, 460
3.41, -12376, -1396, 8280, 24, -253, 523
3.45, -11936, -1292, 8956, -77, -41, 377
3.47, -11904, -804, 8124, 13, 351, -25
3.54, -13880, -1536, 9224, 21, 213, -29
3.59, -15208, -592, 9000, -50, 41, 41
3.62, -16088, -348, 10220, -97, -141, 276
3.64, -14372, -988, 7744, -159, -253, 324
3.67, -12200, -1112, 8056, -169, -193, 258
3.69, -10900, -732, 8272, -206, -125, 250
3.72, -9136, -1372, 9100, -101, 171, -353
3.76, -11724, -1876, 9516, 50, 382, -447
3.80, -13872, -1948, 10188, 115, 388, -586
3.85, -14532, -496, 9660, 91, 415, -545
3.88, -13964, -1044, 9176, 160, 460, 144
3.95, -15244, -1844, 8460, 150, 543, 420
4.04, -17004, 2408, 6064, -203, 119, 695
4.09, -16748, 580, 4608, -765, -191, 715
4.15, -12384, -1796, 5184, -430, -86, 639
4.19, -13188, -652, 5460, -262, 233, 577
4.22, -14376, 1368, 6976, -279, 522, 340
4.28, -16280, 320, 5100, -384, 505, 221
4.34, -14344, -968, 4716, -291, 592, 356
4.40, -15312, 1016, 4732, -326, 726, 198
4.47, -13692, 312, 3376, -48, 630, 176
4.50, -13924, 612, 4428, -109, 589, 7
4.53, -17124, 2264, 3792, -114, 625, -116
4.55, -20736, 3028, 3408, -81, -72, -573
4.62, -23796, 2732, 4376, -127, -1234, -524
4.67, -17172, -2460, 2404, -434, -2413, -34
4.73, -9604, -868, 7280, -568, -1618, 716
4.80, -7428, -2912, 10384, 43, 88, 1762
4.91, -4388, -3644, 11964, 66, 646, 1890
4.93, -8308, -408, 10816, -322, 1230, 482
5.01, -24672, -424, 10652, 237, -143, -714
5.05, -22748, 1244, 6548, 528, -1734, -324
5.14, -11064, 24, 8852, 524, -1819, -509
5.18, -8728, -864, 9824, 730, -1495, -447
5.21, -9300, 76, 12284, 858, -1036, -482
5.24, -8472, 880, 10664, 859, -1022, -555
5.29, -10716, 1832, 11828, 710, -484, -817
5.35, -9212, 156, 11052, 606, -327, -901
5.41, -9928, 1196, 12424, 733, -505, -587
5.48, -10340, 1916, 12752, 759, -540, -416
5.51, -12236, 2780, 10040, 638, -735, -119
5.58, -7992, 4004, 14580, 333, -763, -457
5.64, -8608, 6036, 14404, 238, -811, -883
5.69, -7308, 5440, 14080, 286, -1247, -430
5.75, -3616, 4160, 11732, 82, -1336, -160
5.80, 868, 4256, 11172, -25, -1423, -83
5.82, 1624, 4088, 15096, -390, -1312, -169
5.85, 2120, 4264, 14808, -632, -913, -475
5.87, 1248, 2956, 17060, -457, -458, -205
5.94, -1156, 2504, 14532, -98, -126, -81
5.99, 532, 4076, 14416, -356, 853, 151
6.10, -1676, 76, 13816, -188, 893, 30
6.18, -7612, 1520, 16036, -118, 111, 146
6.23, -6440, 144, 17020, 24, 23, 24
6.27, -2640, 1872, 15188, -452, -185, -579
6.32, 500, 4772, 15008, -106, 489, -1515
6.39, -2780, -2148, 12196, -97, 344, -1951
6.42, -4924, -7188, 14468, 67, 324, -2156
6.45, -6460, -2900, 12116, -4, 115, -2258
6.49, -4604, 36, 11924, 281, -178, -2277
6.56, -6076, -3648, 11964, 506, -555, -1921
6.61, -4952, -10064, 11100, 748, -811, -1542
6.66, -1784, -5092, 16792, 251, -725, -16
6.76, 9440, -1884, 16340, -64, 1168, 30
6.85, -7148, -2256, 14180, -122, 1722, -617
6.90, -12056, -1696, 15260, 439, -304, -1032
6.98, -8788, -3576, 13600, 518, -713, -801
7.05, -5040, -3400, 14000, 135, -451, -362
7.10, -5504, -2780, 14804, -44, -667, -86
7.12, -5528, -2388, 14308, -5, -754, 249
7.17, -4088, -3948, 12276, 199, -932, 619
7.20, -3428, -3140, 15916, 167, -1072, 899
7.26, 908, -3588, 14312, 171, -743, 790
7.33, -760, -1300, 14668, 525, -202, 751
7.42, -3348, -4652, 15412, 1054, -225, 707
7.45, 1820, -288, 15548, 525, -575, 965
7.54, 7140, -3692, 19156, -130, 355, 1219
7.59, 9232, -3120, 14096, -246, 1248, 958
7.62, 4876, -24, 15692, -312, 1755, 373
7.65, 1096, 2168, 14184, -601, 1510, -211
7.70, -7412, 4464, 15516, -336, 765, -167
7.73, -9244, 16, 13940, 58, -623, 247
7.78, -8012, -2184, 9292, 519, -1230, 1059
7.83, -644, -3368, 10996, 544, -817, 2194
7.87, 4560, -5748, 18152, 497, -728, 2591
7.92, 3356, -880, 18888, 76, 173, 2314
7.99, 7004, -1356, 14384, 14, 733, 1245
8.08, -2544, 384, 15284, 51, 340, -219
8.17, -2968, -1824, 15684, 740, -267, -691
8.21, -5172, 1896, 16220, 901, -527, -1117
8.25, -6580, 3436, 5436, 578, -80, -1193
8.29, -7844, 2900, 16724, 720, -523, -848
8.31, -4076, 2320, 15464, -212, -1323, 558
8.42, 884, -3768, 19884, -570, -288, 216
8.51, 3132, -2948, 15848, -262, 82, 134
8.58, 5072, -4836, 14124, -373, 147, 289
8.61, 1848, -4232, 16284, -306, 85, 67
8.70, 1020, -5456, 15500, -201, -136, 383
8.83, 2352, -5232, 15624, 177, 93, 392
8.87, 4904, -8276, 15080, 254, 560, 294
8.91, 4556, -10928, 13624, 487, 1198, 193
8.95, 720, -7052, 12308, 381, 1727, 206
9.00, -9036, -3436, 12980, 23, 356, -150
9.10, -8648, -6024, 14392, 285, -539, -166
9.17, -4216, -3676, 16288, -68, -576, -495
9.24, -5260, -9672, 14172, 276, -578, -522
9.28, -2844, -8064, 14964, 719, -243, -434
9.32, -4112, -16348, 15256, 1751, -697, -567
9.37, -936, 5684, 14248, 336, -1529, -41
9.44, 11468, 11416, 15020, -448, 22, -465
9.47, 10796, 11780, 16176, -693, 1010, -1088
9.50, 1476, 4456, 16416, -469, 1186, -986
9.53, -508, 2816, 12076, -275, 1558, -969
9.58, -528, 1176, 14900, -1117, 1259, -1169
9.62, -4324, -6840, 11860, -720, 929, -452
9.68, -4852, -7312, 18960, 379, 107, 1099
9.75, -9836, -2088, 15076, 620, -1245, 1904
9.82, -3852, -2436, 16704, -197, -2057, 1581
9.88, 4188, -5124, 11988, 181, -1369, 1322
9.93, 4384, -4672, 14404, 387, -288, 1145
9.99, 5272, -8812, 12588, 874, 382, 276
10.04, 4068, 1876, 15480, 366, -91, -113
10.11, 8940, -556, 19752, 84, 183, 223
10.13, 9736, -3600, 19580, 83, 787, 351
10.18, 7380, -5020, 17224, 686, 1426, -95
10.21, 4024, -5732, 14020, 878, 1331, 205
10.27, 4356, -96, 7952, 375, 904, 681
10.31, 100, 2984, 12820, 860, 814, 875
10.42, -4840, 8932, 17660, 486, -123, 1005
10.46, -6332, 4008, 13312, 367, -393, 537
10.50, -7240, 1644, 14532, -208, -1307, 597
10.55, -2484, 3776, 14788, -285, -1327, 1077
10.59, 2816, 5500, 13360, -1018, -1012, 1502
10.62, 4524, 2092, 13932, -569, -660, 1805
10.65, 5996, -396, 13068, -2, -317, 2175
10.71, 1868, -4408, 15916, 133, -728, 1557
10.81, 8956, 2572, 13528, 451, -209, 661
10.90, 8544, -436, 12680, 554, 419, 524
10.94, 8228, 3772, 16588, -115, 1396, 687
11.00, 3812, 3376, 16100, -220, 1002, 542
11.04, 2524, -4208, 14300, 496, 720, 214
11.11, 2472, -2576, 16272, 404, 830, 122
11.14, -1092, -1860, 13968, 323, 642, -344
11.18, -3268, 2552, 14272, 108, 616, -971
11.22, -3916, 3044, 15556, -4, -66, -1210
11.27, -3308, 2948, 15068, 79, -60, -1263
11.32, -3456, 1828, 14304, 96, -74, -1264
11.36, -4608, 1968, 14332, -31, -410, -1279
11.41, -5508, 3508, 14052, -255, -471, -1473
11.48, 1032, -7388, 8716, 986, -806, -521
11.52, 3836, -1736, 12884, -34, 568, -445
11.58, 2664, -2724, 12852, 123, 1840, -660
11.62, -9476, -13924, 13740, 798, 1996, -1510
11.65, -22516, -5536, 21288, 132, 717, -2212
11.68, -22616, -4916, 21712, -145, -556, -2015
11.70, -16300, -5816, 21612, -203, -1701, -1082
11.75, -5312, -16824, 15760, 185, -3020, -553
11.80, 13160, -20540, 19504, 2043, -2089, -733
11.83, 14704, 10192, 7260, 2298, -1391, -1456
11.87, 11128, 8824, -340, 2563, 1276, -2225
11.92, 3488, 16196, 3280, 3371, 2104, -1754
11.97, -6332, 32767, 18172, 1728, 2525, 425
12.02, -7880, 17416, 4648, 236, 70, 1316
12.12, -4680, 6712, 13392, -538, -836, 2100
12.21, 9388, 8224, 8080, -1000, -225, 1920
12.26, 6088, 7680, 11644, 857, 2007, 882
12.30, 9888, 14844, 9996, 1306, 1351, 314
12.38, 8488, 12784, 10772, 684, 2246, 962
12.41, 4476, 9412, 8640, 898, 2622, 1363
12.45, 2620, 10332, 7016, 938, 2460, 1370
12.47, 1124, 14684, 7920, 1004, 2543, 1005
12.53, -1560, 12104, 8800, 75, 1893, 274
12.61, -5552, 9404, 12940, 27, 1391, 410
12.65, -3476, 14952, 8276, -487, 565, 896
12.76, -4084, 11588, 8300, -558, 367, 1010
12.79, -2320, 10480, 12428, -449, 442, 1158
12.87, -2588, 13384, 11376, -774, 325, 1338
12.93, -2776, 11552, 11052, -887, 340, 1420
12.96, -260, 9628, 10572, -747, 94, 1630
12.99, -1592, 10904, 12672, -570, 16, 1567
13.02, -2284, 12852, 14232, -671, 145, 1915
13.07, -1304, 8136, 13144, -311, -297, 2370
13.12, 864, 4856, 12804, 345, -385, 2429
13.20, 6132, 8432, 12704, 128, 402, 2433
13.26, 3960, 9416, 15944, -504, 692, 2037
13.32, 4492, 7184, 18392, -1081, 834, 1806
13.41, 1660, -5520, 15480, -651, 784, 1914
13.47, 8100, 2148, 13128, -108, 1252, 1053
13.56, 3256, 1760, 13316, -201, 1699, 695
13.59, 1320, 3540, 12276, -438, 1775, 493
13.61, 240, 2008, 13296, -573, 1602, 361
13.66, -752, 1128, 16352, -774, 850, 191
13.71, 2012, 1844, 16784, -566, 1005, -7
13.77, -2432, 1600, 15756, 162, 224, 203
13.87, -4852, 792, 18844, -262, 357, 1318
13.95, -10500, 3608, 16748, -590, -15, 1780
14.00, -5668, 1868, 12576, -908, -876, 1406
14.07, -1176, 1200, 14044, -848, -691, 1262
14.13, -272, -1124, 15664, 14, -658, 977
14.19, 1352, -3020, 15772, 596, -615, 376
14.22, 400, 592, 14600, 615, -510, 210
14.26, 1008, 3252, 9568, 672, 318, 93
14.30, -1432, -6876, 15544, 1205, -280, -608
14.37, -3432, -140, 11732, 185, -1298, -818
14.43, -256, 5724, 15980, -855, -3683, 1857
14.46, 13716, 272, 21724, -1731, 4598, -2027
14.54, -12028, -9228, 11464, 1750, -3568, 1198
14.62, 16244, 9920, 26752, -48, -1268, -1500
14.74, -21800, -6280, 13640, 944, -3846, 1850
14.77, 5468, -7308, 4624, 793, -3301, 3127
14.82, 32767, 4700, 24352, -24, 3270, -847
14.88, -3164, 3436, 12788, 716, 2724, -2092
14.93, -10996, -6324, 10236, 562, 153, -333
14.96, -3916, -244, 12000, -115, -317, -229
15.03, 376, 1808, 15568, -78, -584, -148
15.06, 3044, 264, 16188, 92, -287, 452
15.12, 3588, -2188, 15428, -246, 150, 568
15.18, 4576, -2972, 16512, -66, -23, 833
15.26, 1388, 200, 19440, -76, -224, 1185
15.32, 1876, 1076, 19772, -551, -304, 979
15.35, 4008, -1948, 13684, -144, -44, 427
15.40, 1224, -4044, 10348, 43, -60, -90
15.43, -980, -2892, 13552, 96, -491, -171
15.48, 1688, -1236, 21036, -236, -766, 9
15.51, 5332, -2928, 18036, -333, -858, 489
15.55, 9848, -3428, 13164, -450, 537, 674
15.63, 8428, -3236, 12984, -441, 1168, 700
15.68, 3744, -2452, 17636, 688, 909, 472
15.77, -2716, 1276, 15536, 297, 788, -328
15.83, -2292, -2676, 11564, 1094, -122, 1018
15.90, 4316, 5124, 22856, -1101, 1717, 631
15.96, -18120, 248, 5732, 322, 1231, -385
15.99, -22868, 516, 16568, -580, -2706, 240
16.03, 13092, -9156, 12504, -404, -3181, 3071
16.06, 7240, 17124, 32767, -1312, 4106, 614
16.13, -32512, 10648, 21236, -193, -3420, -147
16.17, -7452, -9560, -748, 604, -4450, 1067
16.26, 16916, 9740, 20572, 470, 1797, -1555
16.32, -1728, -2360, 14044, 954, 775, -1337
16.36, -372, -1200, 13112, -41, -720, 602
16.44, 6660, 316, 13264, -236, -322, 535
16.47, 7556, -2400, 11688, -296, 412, 86
16.52, 6916, -7168, 12812, -69, 719, -384
16.57, 7148, -3748, 12572, 46, 1414, -1142
16.60, 2704, 1416, 17904, -15, 986, -1350
16.69, -356, -3312, 17188, 480, 1092, -1623
16.74, -2708, -4924, 10768, 606, 556, -1096
16.76, 1468, -4700, 11092, 367, 494, -665
16.82, -3856, 8876, 16348, -1152, 653, -22
16.89, -6460, -2332, 17140, -546, 150, -147
16.94, -4732, -5804, 15308, 1, -595, 145
16.99, -1800, -2564, 11200, -569, -672, 123
17.03, 392, -3260, 14844, -709, -406, 88
17.07, 2000, 308, 15376, -472, 21, -398
17.12, 552, -2376, 15200, 939, 211, -998
17.19, 2512, -5472, 11576, 1490, 470, -1693
17.25, -6016, -1300, 7856, 821, -272, -1959
17.28, -3500, 3404, 16120, 296, -686, -1446
17.33, 2480, 3336, 14736, -233, -724, -1283
17.36, 2516, -396, 20960, 51, 132, -1473
17.43, 2660, -3724, 16592, 342, 258, -1304
17.52, 152, -3196, 12560, 698, 251, -652
17.60, 4832, 2216, 18900, 593, 581, -325
17.63, -1996, 3056, 17964, -31, 887, -1469
17.72, -9144, 2444, 12912, -95, -207, -1517
17.77, -8864, 752, 17260, -40, -1098, -1076
17.84, 2828, -1212, 16380, 125, -254, -513
17.90, 1224, -144, 13684, -66, 990, -1172
17.94, -2384, 1760, 15376, -69, 1268, -1550
17.98, -5792, 2456, 14964, 138, 846, -1635
18.02, -3932, 1644, 14808, -80, -300, -1774
18.05, -2012, -5360, 12664, 742, -438, -1895
18.09, -4120, -652, 15620, 134, -679, -2676
18.15, -5004, -152, 12328, 304, -1851, -2036
18.20, 3344, 5588, 11936, 36, -2196, -803
18.22, 7508, 4628, 18004, -51, -1702, -324
18.25, 3684, -3816, 16380, 337, -808, -612
18.29, 1416, 880, 13000, -59, -234, -959
18.37, 9092, -192, 10596, -308, 476, -968
18.39, 9208, -76, 15236, -247, 847, -878
18.42, 4140, -2896, 10484, 308, 284, -454
18.47, -5564, -908, 13756, 265, -243, -391
18.53, 420, -860, 17760, -782, -506, -729
18.65, 1552, -8872, 13576, 380, 222, -745
18.72, 6644, -2092, 22068, 597, 484, -941
18.81, 2984, 4756, 11740, 591, 1869, -85
18.85, -1860, 14616, 8368, -639, 958, 20
18.89, -9604, 3052, 21916, 322, -798, -357
18.96, 6052, 8880, 16016, -5690, -699, -165
19.02, 11816, -17852, 8076, -6260, 874, -401
19.05, 14364, -21120, 17628, -6552, 2147, -995
19.08, 11668, -22836, -524, -5387, 4177, -3004
19.11, 3204, -22636, -540, -5857, 3835, -2750
19.14, 1236, -20668, -3696, -4995, 3689, -2307
19.17, -1584, -27388, -13480, -4132, 1740, -1718
19.23, 7232, -11132, 744, -995, 2944, -2531
19.28, 9424, -8984, -2016, 31, 4470, -2518
19.30, 3872, -8408, -3392, 752, 4581, -1904
19.33, -460, -8368, -12712, 846, 3965, -1250
19.38, -9412, 884, -3772, 641, 3329, -1116
19.42, -8036, 2096, -9044, 232, 2629, -1369
19.47, -8964, 6956, -7064, -105, 1022, -1654
19.52, -644, -3952, 1720, 725, 318, -2231
19.58, 12516, -26880, 11092, 3600, 1480, -4035
19.63, 15052, -32644, 13076, 4368, 2226, -5376
19.67, 9352, -26436, -1552, 5190, 4231, -6381
19.74, 28004, 32768, 16888, -408, 6960, -1542
19.80, -30224, 19560, 11688, 644, 2114, -154
19.89, -15976, 368, 8664, -1071, -805, -288
19.93, -15176, 4064, 7680, -1341, -1590, -730
19.96, -17372, 6756, 8816, -1748, -2265, -906
19.98, -11520, 8844, 6360, -1886, -2374, -830
20.03, 440, 1060, 14964, 205, -1762, -1452
20.11, 13060, -14024, 22040, 650, 1705, -1317
20.19, 2044, -1524, 12560, 536, 2379, -1488
20.24, -6948, -304, 9964, 1005, 1516, -1619
20.35, -17388, -1040, 13992, 703, -1361, -2262
20.45, -6952, 4348, 14096, -219, -1358, -1636
20.55, 3244, 3284, 16996, -443, -1557, -1556
20.61, 6076, -3320, 15180, 372, 624, -1993
20.71, -7120, -1796, 16408, 80, -186, -669
20.77, -808, 4272, 15888, -455, 456, 658
20.86, -6464, 3656, 13388, -406, -426, 93
20.92, -5344, 1008, 14084, -421, -484, -75
20.96, -2244, 1204, 14308, -75, -1140, 26
21.02, -1588, -1336, 16192, 391, -1397, -419
21.07, -676, -2660, 13096, 347, -1194, -1059
21.10, 3060, -2320, 14580, -394, -1501, -1121
21.16, 9712, 4940, 15396, -967, -591, -489
21.23, 10972, 2160, 16152, -421, 818, -383
21.26, 10212, 2328, 17816, -320, 1688, -106
21.33, 1784, -1140, 12272, 115, 1566, 165
21.38, -3584, -2508, 14932, 22, -168, 806
21.48, -948, -1036, 15000, 583, -405, 816
21.58, 6252, -3544, 16656, 679, 43, 926
21.63, 1528, 1932, 17860, 452, -178, 580
21.70, 644, 368, 14532, 550, 60, 370
21.75, 968, 2260, 13472, 54, -61, 218
21.79, 332, -2208, 10412, 159, -80, -95
21.84, -288, 1848, 15768, 588, -190, 815
21.95, 7716, 10244, 21876, -864, 3192, 36
22.01, -20712, 2412, 2744, 685, 2141, 2291
22.11, 32767, 2588, 11472, -818, 6091, -1397
22.20, 32768, 15696, 9988, -320, -2656, 393
22.25, 32767, 10712, 8584, 1468, -3223, 4118
22.28, 32368, 3296, 32767, -2182, 1137, -352
22.31, 6256, -12044, -8556, 661, 7525, -1277
22.34, 32768, -2908, 21780, 1360, -596, -2510
22.36, -16712, 1452, 9804, 1219, -4689, 2767
22.43, 23228, -6780, 8344, 506, -349, 1437
22.47, 13688, -1508, 10988, 35, 2266, -654
22.56, -4180, 976, 16824, 389, 145, 476
22.68, -496, 1760, 11344, 308, -285, 782
22.71, 3604, 1124, 20952, -464, 89, 787
22.76, -1452, 2952, 16004, -859, 454, 77
22.80, -3256, 1260, 18036, -757, 354, -251
22.83, -3348, -68, 16708, -193, -121, -730
22.88, -1828, -792, 16496, -133, 79, -942
22.92, 452, -2940, 15956, 115, 505, -1341
23.01, -1272, -3748, 13852, 413, 1329, -2051
23.08, -6216, -4764, 16672, 1281, 1179, -2409
23.12, -11416, -7012, 12684, 2532, 618, -1914
23.17, -18632, 2640, 10648, 1899, -1002, -1921
23.20, -9688, 14188, 10552, -865, -1975, -736
23.32, 6932, 8664, 15260, -1546, -1366, -474
23.35, 5324, 4896, 16112, -1545, -1010, -503
23.37, 5896, 3564, 16956, -1000, -793, -801
23.42, 3548, 3092, 14668, -1004, -1067, -1170
23.46, 10704, -6052, 7676, -513, -101, -1482
23.51, 7748, -12724, 18592, 580, 1544, -1225
23.54, -928, -5608, 16552, 950, 1961, -1699
23.63, -9980, -1464, 14356, 436, -665, -458
23.69, -9024, -6048, 15352, 52, -369, -152
23.80, 3568, -6128, 20488, 215, -360, -138
23.90, 7440, -8228, 13084, 508, 1058, -326
23.96, 3520, -4868, 14168, 1695, 1673, -416
23.99, 2916, 12252, 13480, 688, 1304, -523
24.02, -520, 14936, 2312, -154, 1368, -455
24.05, -10868, 2032, 23536, 396, 464, -100
24.08, -13820, 9392, 32767, 542, -461, -105
24.11, -23520, 32516, 11200, -4395, -1046, -1177
24.15, -2984, -3272, 7484, -5623, -2114, -252
24.20, 9444, -22676, 3784, -6605, -1120, 490
24.25, 7396, -27872, 3676, -6793, 130, 648
24.29, 5516, -12736, -6128, -4418, 1827, -330
24.34, -7892, -19852, 2892, -1234, 431, -471
24.41, -2304, -3688, -664, 107, 317, -164
24.46, -2728, 1580, -1160, 282, -627, 369
24.53, 636, 5348, -1440, 94, -915, 601
24.59, 4744, -1292, -8624, -2257, 2402, 184
24.71, -2228, 32768, 7904, 3201, 2223, -773
24.78, -9516, -20228, -488, 4967, 432, -66
24.82, -4340, -4000, -4052, 4979, -23, 166
24.84, -968, 416, -3204, 4584, -170, 373
24.87, -1728, 688, -120, 4188, -353, 659
24.91, -2208, -2656, 4676, 4191, -456, 879
24.95, -940, -10152, 4572, 5415, -442, 1252
25.02, 780, 1816, 5188, 4746, -152, 1700
25.08, 3176, 10728, 32767, -1210, -917, 621
25.14, 11816, 7540, 15172, 519, -563, 44
25.22, 6012, -2168, 4208, 998, 508, 159
25.28, 4996, 6856, 14680, 344, 320, -15
25.32, 3972, 6892, 13652, 216, 1063, -308
25.37, 6576, 5656, 15444, -510, 1650, -444
25.47, -6004, 956, 18156, -67, 24, 393
25.51, -3768, 2160, 15076, 585, -600, 1197
25.58, -3428, 9636, 12376, 170, -565, 1521
25.60, -4272, 8072, 11500, -74, -897, 1845
25.67, 1456, 768, 11756, 328, -1481, 2097
25.72, 7380, 2588, 13380, -232, -1419, 2410
25.75, 9952, 3700, 17068, 156, -344, 2803
25.84, 16688, 1296, 10840, 430, 348, 1759
25.88, 14256, 724, 9600, 712, 1225, 1314
25.91, 8776, 3576, 15024, 560, 829, 1355
25.96, 6852, 2200, 11648, 490, 907, 2001
26.05, 10452, 1964, 17076, 440, 1447, 2550
26.11, 7896, 2252, 11556, 62, 1858, 1409
26.17, 1952, 2248, 12156, -35, 454, 1351
26.23, 1700, 968, 16104, 276, -641, 2600
26.30, -196, 4908, 16700, -307, -232, 2283
26.39, 2760, 4224, 13888, 71, 389, 1874
26.41, 848, 2592, 13180, -111, 344, 2103
26.46, -1992, 2000, 15900, -113, 63, 2352
26.51, 676, 5400, 14984, -688, -87, 1869
26.64, 4212, -8228, 15552, 400, -558, 1438
26.70, 8840, -4152, 15668, 953, -360, 1099
26.74, 7008, -3524, 10248, 1015, 308, 408
26.83, 5196, -7416, 12044, 417, 717, 890
26.93, -3020, 8176, 19972, -760, -69, -610
26.99, -7772, -7432, 32767, -140, -3429, -190
27.05, 25736, -7244, 31356, -1470, 6674, -1879
27.16, 32768, -6536, 4140, 347, -3640, 2139
27.25, 12380, 156, 864, 1457, 4161, -930
27.33, -20424, -5352, 14536, 712, -1563, 602
27.37, -4460, 7708, 9516, -379, -3111, 2362
27.41, 6472, -3608, 13588, -296, -1067, 1784
27.45, 2828, -1808, 14704, 99, -617, 971
27.48, 2832, -1056, 14856, 564, 268, -408
27.52, -300, 5104, 16856, -112, -190, -1405
27.57, -1652, 2296, 10760, -391, -329, -1372
27.61, 3404, -2080, 9568, -570, -501, -1152
27.67, 6320, -5404, 14880, -754, -315, -1316
27.72, 6572, -4784, 18880, -557, 557, -1083
27.78, 7724, -9920, 17212, 385, 1495, -1196
27.84, 3076, -792, 25908, -651, 2533, 152
27.93, -14856, -592, 14884, 481, 1140, 304
27.97, -21712, 6488, 10160, 459, -73, -68
28.03, -12652, -3696, 14372, -52, -2164, 1163
28.08, -2904, -1352, 6520, -1139, -3096, 1762
28.11, -428, 6032, 7156, -1592, -3426, 2739
28.16, 9980, -10112, 5324, 638, -2361, 2461
28.20, 18728, -6600, 20652, 1093, -290, 1819
28.25, 20056, 3596, 18196, 621, 2192, 87
28.35, 2292, -4004, 12004, 593, 1030, -618
28.42, -3572, 2400, 17896, 141, 1510, -851
28.48, -14392, 5228, 15732, -724, 1263, -1052
28.56, -14100, 336, 10984, -108, -2461, 1316
28.65, 5308, -7012, 9720, 93, -1657, 2027
28.70, 4304, -7344, 4896, 665, -666, 1838
28.73, 3352, -1444, 9248, 270, -382, 1461
28.75, 4760, 2160, 18412, -388, -194, 167
28.79, 7180, 2220, 24768, -259, 522, -106
28.82, 7984, 728, 21472, -100, 1039, 213
28.85, 5256, -8516, 16864, 875, 1382, 252
28.92, 2420, -8900, 7884, 955, 1488, -179
28.99, -10448, 9736, 21124, -703, 946, -124
29.04, -15444, -1728, 22732, 250, -1244, 316
29.11, -7560, -3232, 11712, -82, -1833, -155
29.18, 608, -4152, 5864, 272, -893, -350
29.26, 1388, 5296, 21912, 129, -1499, -1176
29.29, 4964, 1544, 32767, 79, -1054, -1454
29.32, 11748, 1912, 22072, 617, 314, -849
29.36, 8728, -4420, 16828, 950, 974, -598
29.39, 3168, -5336, 15444, 953, 1328, -528
29.42, 1676, -4520, 5292, 634, 1710, -645
29.45, 432, -5752, 6148, 736, 1252, -616
29.54, -17720, 4028, 19340, -889, -121, 333
29.61, -10924, 1004, 17864, 30, -1569, 1052
29.66, -6112, -2444, 14720, 105, -1733, 1391
29.71, 6480, -5236, 5612, 750, -226, 128
29.77, 5012, -24, 9900, 714, -261, -894
29.81, 5320, 4168, 16388, -954, 1033, -1685
29.91, -1920, -48, 20212, 369, 927, -1432
29.95, -3300, -1280, 14132, 1096, 770, -983
29.99, -2200, -1188, 12816, 1434, 650, -519
30.01, -300, -2068, 9756, 1497, 930, -238
30.06, -2572, 3984, 13892, -104, 824, -1236
30.13, -15376, -1264, 17208, -238, -896, -1386
30.22, -11084, 7176, 12264, -663, -1059, -879
30.25, -4092, -328, 14036, 199, -887, -42
30.34, 1896, 96, 8660, 1554, -1159, -753
30.40, 7140, 7540, 18432, 615, -455, -1815
30.46, -312, 6792, 14308, -369, 702, -2352
30.56, -6716, -3636, 16296, 74, 76, -1662
30.62, -3392, -1056, 21668, 478, 85, -1537
30.66, -3632, 1540, 22932, 594, 359, -1692
30.72, -3656, 160, 9236, 1100, 50, -1502
30.81, -9840, 4804, 11872, -573, -1485, -1353
30.87, -5116, 4084, 19068, -221, -1165, -781
30.96, 4572, -1852, 15612, -205, 1388, -587
31.05, -6272, 1416, 14732, -197, 868, -809
31.09, -6664, 820, 13928, -89, 216, -1017
31.13, -4620, 7096, 7908, -58, -711, -1445
31.18, 2788, 1928, 10820, -246, -525, -1602
31.22, 1312, 452, 18248, -219, -270, -1606
31.25, 1280, -2732, 20116, -162, -35, -1833
31.33, -1976, -5460, 20092, 494, 640, -735
31.37, -3204, -4940, 16164, 439, -230, -1022
31.46, -9732, 6772, 13580, 293, -594, -1654
31.57, -7360, 2500, 16028, 279, 490, -2201
31.63, -5376, 476, 6424, -959, -667, -2307
31.69, 3580, -7564, 10224, 389, -903, -1955
31.73, 716, -8880, 16380, 227, -550, -2163
31.76, -892, -13256, 18088, 738, 915, -2432
31.84, -440, -1528, 23672, 844, 1121, -1633
31.88, -12224, 4988, 30676, 1300, 1155, -794
31.91, -20992, 15508, 32767, 633, 231, -302
31.94, -24772, 17092, 32767, -1936, -1863, -474
31.97, -9924, -3688, -1216, -4816, -4093, 1346
32.03, 7036, 308, -10456, -5663, -3309, 1932
32.08, 32648, -19040, 8800, -5586, 1417, 1680
32.13, 13124, -27192, 5992, -101, 1273, 508
32.17, 6308, -7196, -7124, 2287, 3215, -1191
32.23, -740, 588, -7936, 2314, 3047, -1403
32.26, -2068, 656, -5300, 1897, 2648, -1152
32.32, -6156, -1668, -1052, 2353, 2186, -512
32.39, -19640, -22612, 11416, 5236, -1682, 913
32.46, 788, 32767, 32767, -1005, 1641, 606
32.56, -676, 6764, 9156, 826, -36, 424
32.61, -4588, 2808, 6660, 525, -327, 211
32.65, -3556, 2548, 9924, 244, -728, 324
32.69, -864, 2504, 15088, 160, -763, 669
32.74, -788, 1964, 14624, -38, -322, 1762
32.77, -2712, -1352, 11268, -272, -540, 2114
32.80, 6076, 3548, 14836, -600, -1030, 1894
32.83, 7536, 2440, 9680, -889, -217, 1071
32.86, 3596, 692, 13808, -554, 4, 463
32.92, 5736, 3148, 16636, -469, 804, 201
32.97, 5160, -2280, 20856, -56, 645, -176
33.00, 2444, 84, 20752, 814, 573, -473
33.04, 7840, -2072, 15020, 1299, 1319, -524
33.07, -892, 3088, 10868, 1023, 720, -10
33.12, 1516, 5392, 16180, 240, 620, 1242
33.18, -9388, 4992, 10152, -1342, 402, 1743
33.24, -10256, -472, 16048, -1010, -705, 2210
33.27, -7544, 1480, 15276, -413, -1821, 2561
33.33, -660, -3036, 16740, 212, -1064, 1529
33.43, 9336, 292, 17212, 304, -764, -251
33.52, 12220, 2596, 15004, -247, 1531, -15
33.63, 1000, 1000, 7404, -120, 2360, -1064
33.70, -7504, 2904, 15036, 483, 700, -832
33.73, -3620, -1600, 17680, 635, 505, -674
33.75, -9160, 4964, 23232, 395, -286, -128
33.81, -12524, 4100, 18032, -64, -1390, 514
33.86, -5896, 3048, 13284, -142, -1644, 908
33.89, -4564, -500, 11276, -199, -1941, 830
33.92, 916, -5324, 12656, 131, -2000, 826
33.98, 4524, -5972, 8972, 636, -1545, 2213
34.04, 12588, 5068, 15328, 389, 735, 354
34.11, 6344, 4344, 14628, 255, -256, 341
34.20, 8232, 1136, 15268, 431, 215, 225
34.25, 12268, 1760, 15064, 159, 1016, -194
34.28, 9696, 544, 13168, -76, 2029, -848
34.31, 2480, -4304, 10956, 145, 2179, -1822
34.38, -4952, 2668, 15752, -448, 328, -43
34.49, -3376, 892, 18044, 328, -130, 1172
34.53, 820, 2376, 15252, 462, -459, 2175
34.56, 296, 452, 12596, 306, -545, 2378
34.60, -2004, -380, 11840, -88, -1208, 2697
34.63, -1568, -112, 12928, -304, -1294, 3048
34.69, 6588, -4712, 15912, 355, -1158, 3271
34.75, 12812, 1888, 13332, 511, -337, 3043
34.79, 14184, -544, 14316, 946, 224, 2296
34.82, 11728, -6692, 10796, 1693, 286, 1988
34.87, 9420, -312, 19364, 1166, -585, 1134
34.96, 13620, -1668, 12724, 1250, 1421, 883
35.05, 10464, 3132, 10832, 751, 1780, 923
35.09, 6832, -916, 15180, 871, 1406, 1312
35.18, 480, -1112, 16096, 1164, 267, 1893
35.22, 3512, 6944, 18468, 329, 474, 2008
35.29, -3492, 9160, 13544, -1201, 140, 1286
35.37, -5772, 1032, 16332, -751, -729, 1275
35.41, -2024, 684, 16256, -391, -1203, 1064
35.45, 2324, -868, 17440, -121, -783, 1168
35.48, -356, -12184, 10372, 416, -1150, 1547
35.52, 6372, -4460, 13860, 278, -1147, 2728
35.57, 6124, -820, 14012, 189, -25, 2254
35.65, 11776, 2392, 15136, 477, -291, 1674
35.67, 12792, 1328, 16644, 725, -103, 1533
35.70, 12088, 2484, 14904, 653, 630, 1221
35.73, 11000, -1992, 14748, 653, 944, 592
35.77, 6312, -2540, 9972, 520, 1350, -18
35.80, 7164, -4160, 9948, 612, 1437, -712
35.85, 784, -624, 10632, 269, 1150, -618
35.91, 5128, 9364, 24712, -1106, 1425, 698
36.02, -11860, 2384, 17584, -910, -643, 444
36.06, -12760, 1624, 15068, -314, -1555, 508
36.13, -780, -3260, 14756, 72, -1425, 1822
36.20, 7432, -7840, 13588, 339, 127, 2257
36.27, 4820, 1468, 16284, 291, 657, 1724
36.36, -2708, -1140, 15068, 1400, 269, 292
36.40, -3976, -540, 14588, 1439, -250, -224
36.42, -4252, 3044, 17588, 1100, -1247, -410
36.46, 3724, 4340, 12528, -349, -1697, 344
36.54, 11076, -4952, 12952, -666, -1152, -110
36.58, 14428, -6064, 16516, -280, 111, -595
36.61, 16784, -6228, 15412, -9, 1016, -689
36.65, 13552, -4724, 10884, 310, 1802, -845
36.68, 14764, -2164, 13080, -154, 2075, -793
36.75, -4076, -3008, 13084, 725, 1262, -280
36.80, -5372, 2912, 13920, 628, 663, 121
36.82, -10728, 2384, 16316, 357, -42, 177
36.84, -8664, 3420, 14216, -391, -1133, 291
36.90, -4432, -536, 14124, -320, -1260, 481
36.94, -2864, 2004, 15164, -528, -1336, 530
36.97, -1168, -3004, 13004, -46, -1223, 675
37.03, 3980, -7416, 9288, 182, -780, 943
37.06, 1772, -5832, 18512, 416, -952, 985
37.10, 11072, -3092, 14024, 109, -1535, 1312
37.12, 17072, -3648, 9900, 384, -1135, 1302
37.15, 20080, -1116, 18436, 329, 460, 1161
37.20, 22208, -2120, 19128, 786, 1283, -248
37.26, 9012, -516, 11396, 944, 1942, -869
37.29, 11968, -5140, 7192, 888, 2861, -1132
37.32, -2120, -1348, 10228, 444, 2406, -730
37.35, 1120, 1788, 5288, -278, 1979, 32
37.40, -4336, 6016, 11348, -1123, 1300, 661
37.43, -11300, 1532, 19272, -1130, -386, 1025
37.49, -10020, -3392, 18548, -661, -980, 1556
37.53, -4396, -2332, 19064, -547, -1934, 1202
37.56, -1888, -4676, 13804, 293, -2143, 849
37.60, 2400, -7252, 12340, 361, -2080, 516
37.68, 3524, -5288, 15544, 655, -1140, 1335
37.72, 6784, -5400, 12484, 567, -839, 1784
37.77, 10876, 264, 11068, 98, -403, 2055
37.80, 13252, -4688, 12396, 278, 105, 1807
37.82, 17892, -6392, 13100, 644, 726, 1768
37.84, 15216, -1732, 18136, 568, 972, 1468
37.89, 13076, -1528, 15200, 739, 2157, -273
37.95, 6272, -5188, 15108, 1012, 2554, -720
38.00, -3564, -4356, 11528, 1062, 1177, -646
38.03, -884, -2708, 11828, 1132, 774, 130
38.07, 2280, 7380, 3612, 108, 1628, 1106
38.11, -3096, 2280, 13452, -500, 477, 2000
38.18, -4420, 4780, 17888, -1253, -37, 1909
38.21, -4484, 752, 17348, -1097, -713, 2031
38.24, -4080, -980, 19464, -767, -1355, 1364
38.30, 500, -4348, 10332, 190, -1548, 1364
38.35, 3252, -7120, 11728, 1077, -1935, 1754
38.41, 8980, -3884, 13804, 856, -685, 1777
38.47, 10272, 1456, 12044, 517, 652, 1643
38.50, 7364, 3204, 14424, 175, 869, 1746
38.53, 7212, -1460, 11996, 154, 676, 1760
38.56, 6796, -2612, 13528, 389, 374, 1791
38.59, 2200, -5876, 11896, 922, 458, 1952
38.67, 10096, -2444, 16012, 443, 1604, 2624
38.71, 4156, 3776, 16956, 201, 1707, 2329
38.75, -548, 6856, 13296, -692, 976, 1381
38.81, -5248, -3020, 11464, 317, -328, 1227
38.86, -2360, -1964, 10744, -245, -701, 651
38.90, 12, 6032, 17028, -706, -7, 2
38.93, -1184, 1580, 16260, -596, 254, 27
38.98, -6560, -2800, 16320, -218, -2098, -603
39.05, 2644, 1896, 18880, -22, -3045, 758
39.11, 14676, -2836, 18892, 680, -1494, 1339
39.15, 17400, -8688, 16120, 1441, -259, 2049
39.19, 18836, -6980, 13852, 1791, 300, 2579
39.23, 18180, 596, 11468, 1289, 1336, 3024
39.28, 13204, 2616, 13668, 1303, 1663, 2016
39.33, 10536, -324, 11084, 1498, 2772, 106
39.41, -6340, 6320, 11728, -562, 2392, -131
39.43, -5624, 2912, 16396, -975, 1737, -719
39.48, -14620, 4324, 17892, -1301, 619, -1382
39.52, -25168, -4420, 9156, -625, -3991, -1115
39.60, 13912, 1328, 15284, 497, -1429, -190
39.65, 20744, -5756, 17076, 878, 1129, -1409
39.70, 5116, 18032, 18256, 714, 1649, -2518
39.76, -7716, 1692, 13028, -216, 560, -788
39.81, -8268, 1028, 20336, -860, -17, -148
39.88, -3868, 4244, 14040, 192, -1122, -402
39.97, 1856, -7888, 7916, 751, -387, -297
40.04, 1756, 4344, 15484, 44, -653, -452
40.06, 4304, 7540, 17696, 162, 326, -734
40.13, 3576, 2436, 13584, 604, 1246, -1315
40.25, -7480, -1492, 15156, -367, -161, -550
40.33, -3832, -5072, 17080, 70, -1044, -988
40.41, 3308, -2572, 17820, 568, -512, -2033
40.45, 2424, 1680, 19956, 314, 569, -2558
40.50, 2492, 892, 14040, -167, 1176, -1769
40.53, 1104, 2008, 16060, -371, 1358, -1453
40.56, 840, 3792, 12664, -914, 1191, -687
40.68, -5016, -5788, 16608, 299, 208, -397
40.72, -1940, -1820, 13392, 1266, 255, -1667
40.83, -3620, 11340, 12864, -351, 46, -731
40.90, -8596, 7080, 16840, 101, -143, 233
40.96, -5420, 5544, 16296, -407, 705, 46
41.04, -3740, -1196, 18268, -661, 1073, -586
41.12, -1208, -6600, 772, -853, 1020, -828
41.16, -8812, -16184, 3380, 1791, 206, -57
41.23, -16928, 8380, 10416, 2221, -2247, -97
41.27, -7352, 8552, 14272, 783, -2264, 985
41.35, 1188, 9612, 16468, 616, -813, 3
41.40, -12400, -5536, 15864, 647, -514, -854
41.52, 4812, 244, 13316, -400, 348, 343
41.55, 2228, 6048, 12348, -729, 1118, 682
41.59, -1668, 9616, 11304, -992, 1698, -487
41.63, -6972, 8152, 12692, -694, 1840, -1158
41.68, -7912, -5488, 12380, 851, 1826, -1669
41.72, -10268, -8448, 11712, 1942, 340, -3309
41.82, -23180, 172, 12448, 2017, -711, -3467
41.84, -22992, 9000, 7928, 1070, -2361, -2644
41.94, -968, 5500, 15256, 999, -2094, -2936
41.98, 60, 4872, 17936, 610, -1301, -3138
42.02, -7020, 2968, 17952, 824, -314, -2717
42.05, -9592, 2744, 17680, 945, -759, -383
42.18, -1032, 1492, 9188, -448, -904, 3226
42.28, 3532, 5760, 18836, -802, -703, 3019
42.33, 6916, 6012, 14452, -555, -831, 1588
42.36, 9388, 5780, 16772, 44, 459, 815
42.43, 1504, 4288, 13528, 173, 1128, -107
42.47, -428, 3816, 14068, -16, 809, -233
42.51, -1092, -484, 15332, 197, 396, -1011
42.57, -4480, 888, 17888, -171, -1050, -967
42.62, 1784, 4716, 14652, -833, -1253, -879
42.67, 6364, 124, 13380, -580, -925, -632
42.73, 8932, -696, 16912, -658, 488, -1426
42.79, 7048, -176, 15200, -1304, 1281, -1803
42.84, 1336, -312, 15260, -959, 1646, -2012
42.89, -2444, -5272, 12600, 524, 402, -1120
42.97, -6072, -3416, 18164, 535, -95, 1120
43.05, -1916, -128, 17652, 173, -92, 1233
43.09, -4252, -1636, 12184, -249, -199, 410
43.12, -8244, 252, 12728, -421, -1046, 100
43.20, -4992, -592, 13424, -634, -2008, 807
43.27, 6908, -7452, 13876, 13, -1261, 1741
43.33, 7488, -1760, 19540, 18, -149, 1471
43.38, 4512, 1560, 19696, 604, -389, 400
43.45, 13156, -3916, 15760, 699, 559, 41
43.51, 16008, -2456, 13804, 351, 1475, -659
43.56, 4800, -4720, 9140, 214, 1826, -858
43.60, 3068, -6156, 9792, 353, 1712, -895
43.68, -5004, 1428, 12384, 122, 838, 191
43.73, -3444, 5756, 13156, -187, 724, 817
43.78, -11692, 3608, 16784, -783, -679, 729
43.81, -9808, -1604, 17228, 49, -2385, 1268
43.88, 1088, -2540, 14188, 18, -1822, 1929
43.95, 6576, -4880, 17016, 408, -614, 2123
44.04, 7360, 2484, 22012, 436, -489, 1500
44.09, 13220, -1396, 15784, 854, 1103, -885
44.23, 4132, -5196, 7188, 634, 1880, -1559
44.29, -5148, 168, 11700, 66, 832, -518
44.36, -1052, 4744, 19480, -826, 561, 271
44.40, -5728, 3760, 19708, -691, 394, 617
44.44, -10820, -960, 17460, -119, -1275, 18
44.50, -7412, 1676, 19444, -90, -1550, -266
44.57, 1504, -3904, 11712, 404, -1456, 115
44.66, 11484, 1688, 12668, -263, -1517, 121
44.73, 13732, -524, 27512, -650, 1362, -969
44.77, 13132, 240, 12636, 427, 2621, -1788
44.83, -4900, -6156, 4912, 719, 1636, -1230
44.87, -5448, 860, 19852, 788, 585, 381
44.93, -1940, -8, 15048, -55, -245, 621
44.98, -3324, 10452, 12536, -1379, 424, -303
45.05, -4112, -5388, 12752, 609, -744, -910
45.15, 14076, -6448, 22168, 894, -671, -794
45.22, 15908, -636, 3796, 636, 2805, -482
45.32, -3168, 1760, 480, -530, 2013, 20
45.36, -10124, 2504, 19524, -866, 347, 1145
45.40, -10964, 3524, 21768, -1082, -123, 1613
45.44, -13880, 88, 21892, 274, -2687, 930
45.55, 3772, -2668, 1380, 367, -1332, 73
45.63, 13220, 6428, 15608, -771, 1493, 110
45.72, 16288, -144, 22780, 512, 2404, -708
45.80, -4936, 156, 12948, 621, 1855, -509
45.88, -8616, 6796, 17732, -43, 627, 1716
45.93, -8776, 188, 16276, -173, -1267, 3148
46.02, 2976, 2132, 9360, -1011, -2303, 1930
46.09, 6740, -6504, 13980, 1259, -1427, 752
46.21, 16700, -1212, 17140, 901, 1077, 1281
46.31, 10356, -748, 13756, 148, 2457, 1123
46.38, 8728, 2364, 9772, -443, 2233, 106
46.48, -1120, 3680, 23940, 405, 679, 786
46.53, -2468, 3056, 12572, 953, 283, 1705
46.57, -4896, 3340, 11872, 293, -726, 2166
46.61, -1832, 3592, 15404, -251, -1197, 2624
46.64, 4052, 2172, 18356, -488, -824, 2544
46.70, 12856, 4132, 17676, -370, 472, 2196
46.75, 8808, -1740, 9568, 112, 898, 1796
46.83, 108, -6424, 9716, 1645, 727, 1917
46.86, -5612, -1812, 17876, 859, -1368, 2007
46.98, 16012, -6140, 15976, -10, -994, 1747
47.05, 16868, -4716, 13592, -138, -134, 1793
47.09, 9968, -952, 19524, -828, 2009, 897
47.12, 1964, 1648, 19028, -981, 2349, -510
47.18, -6548, -9972, 21724, -305, 806, -1200
47.22, -10436, -15072, 8976, 2604, -439, 281
47.31, 5792, 7312, 11956, 1396, 302, 1180
47.36, 4664, 11580, 5816, 532, 1542, 471
47.41, -3212, 16108, 8904, -27, -15, -356
47.47, -312, 7156, 21056, -2033, 1749, -1208
47.58, -10156, -3072, 3432, -2227, 1153, 754
47.65, -9096, -30504, 19012, 829, -1143, 1760
47.69, -21304, 5804, 32767, -884, -1914, 1119
47.74, -3828, 17568, 29412, 230, -947, 664
47.79, 2516, 10236, 9456, -672, -623, -203
47.83, 4508, 3756, -2732, -1279, -286, -641
47.92, 1724, -6168, -128, -611, -92, -874
47.96, -1808, -13492, 2644, -172, -419, -1416
47.99, -5040, -14116, 4996, 999, -1122, -858
48.03, -3720, 13428, 18644, 1576, 4041, -2315
48.17, -15464, 10892, 18424, -1379, 3169, -1010
48.23, 32768, 7656, 18248, -501, -869, -140
48.28, -15224, 1808, 18424, -287, -1874, 245
48.32, -4088, -1896, 5640, 112, -1809, 158
48.37, 1792, -2484, -960, -1038, -2198, -521
48.42, 2540, -8384, 15604, 404, -1455, -562
48.51, -1684, -9944, 9448, 2175, -421, 482
48.63, 1296, 12412, 32767, 1643, 897, 490
48.67, -3416, 20804, 32767, 70, 1491, -264
48.73, -4428, 14632, 19400, -1696, 2536, -1463
48.75, -5476, 2508, 5764, -4208, 1131, -2586
48.80, -1776, -4488, 9892, -4375, 531, -1693
48.88, -512, -19476, -1092, -4066, 515, -2504
48.97, -14448, -4068, 4964, -2674, -1902, -430
49.05, 2844, -9336, -3380, 877, -510, 571
49.09, 1860, -4588, -4748, 2569, 773, 621
49.13, -2020, -20, -2460, 2495, 637, 631
49.17, -4052, 6992, -520, 1193, -182, 8
49.29, -8952, -32724, 10028, 4133, -2213, 867
49.37, 7904, -2196, 5160, 4464, -615, 1250
49.43, 1372, 8428, 10872, 3741, -588, 945
49.50, 16188, 2440, 32767, 378, 1493, 434
49.54, 1176, 2872, 12536, 943, 989, 524
49.62, -8332, 2648, 8152, 820, 521, 584
49.67, -8428, 7268, 12884, 465, 96, 1222
49.70, -6552, -5336, 8596, -955, -2322, 2836
49.80, 8716, 7396, 17756, -1327, -1208, 1480
49.83, 8936, 1812, 16332, -553, -1369, 371
49.91, 17564, 3072, 13940, 108, 1146, 379
49.98, 10944, -1548, 9872, 536, 1589, -647
50.04, 5576, -1796, 5964, 627, 2445, -1468
50.08, -1168, 3836, 20404, -725, 291, 196
50.21, -10132, 5892, 17720, -866, -476, 527
50.27, -6552, -1396, 13652, -37, -1978, 1001
50.33, 1084, -3576, 13440, 14, -1940, 1038
50.36, 3660, -7628, 11536, 424, -1726, 1041
50.38, 3068, -13600, 9208, 1044, -1593, 1761
50.43, 12408, -108, 12872, 303, -128, 2073
50.46, 10048, 5788, 15720, -70, 661, 1049
50.52, 9716, 4172, 15380, -41, 719, 122
50.55, 10072, 5880, 15496, 179, 776, -364
50.63, 8096, -900, 14396, 154, 1855, -775
50.67, 1392, -2984, 11084, 104, 1745, -2608
50.75, -3852, -1812, 12372, 0, 100, -1979
50.87, -8952, 7496, 16364, -477, -399, 300
50.92, -11420, 3544, 17176, 126, -1448, 601
51.01, -996, -2372, 13652, 392, -1616, 1534
51.09, 5900, -7220, 11100, 302, 21, 1694
51.16, 3824, 6616, 19492, -461, -100, 135
51.23, 6044, 5976, 18676, -319, -397, -248
51.28, 9400, 2708, 17504, 285, -277, -289
51.31, 9672, -556, 15072, 459, 1205, -2
51.42, 3432, -2932, 11080, 308, 1028, -573
51.48, 924, -1852, 14192, 567, 842, -704
51.55, -620, 6988, 22692, -264, 822, 583
51.61, -7932, 6332, 14260, -815, 349, 1449
51.67, -7652, 4176, 15744, -9, -655, 1875
51.72, -7080, -740, 13672, 3, -1659, 2490
51.78, 4216, -4388, 14068, 232, -1463, 2437
51.83, 7496, -7648, 9972, 489, -940, 3517
51.91, 13492, 1080, 14340, 692, -126, 2178
51.97, 15660, 5636, 14352, 468, 477, 1787
52.01, 12324, 5304, 14376, 880, 846, 1458
52.05, 9100, 5088, 13692, 797, 1189, 1525
52.09, 5640, 212, 15044, 942, 1209, -134
52.23, -2080, 836, 13432, 663, 816, -205
52.26, 644, 1812, 8352, 288, 115, 39
52.28, 3308, 3092, 21772, -532, 355, 1467
52.37, -1856, 11848, 21996, -975, 298, 1439
52.42, -4944, 9180, 14216, -721, -1271, 1089
52.52, -292, -4696, 14608, 191, -1220, 2832
52.62, 9168, -6188, 14196, 549, -523, 2713
52.67, 11536, 1268, 12304, 602, 880, 1865
52.72, 4852, 4148, 16600, 249, 868, 1230
52.75, 4528, 1776, 17172, 186, 250, 798
52.81, 8276, 1268, 16268, 166, -297, 518
52.87, 16084, -2176, 14760, 65, 1014, -67
52.90, 10164, -1580, 14756, -170, 1575, -678
52.94, 5260, -2140, 10560, -105, 1759, -1298
52.98, 6088, -3000, 7888, -213, 1846, -1454
53.05, -2156, 1240, 11836, -175, 798, -724
53.11, -6568, -4192, 22388, 304, 478, 300
53.14, -8044, -1528, 18940, 474, -338, 1409
53.21, -5332, 936, 13344, 461, -2044, 2511
53.29, 2192, -3756, 10668, 358, -2039, 3136
53.35, 12484, -504, 8444, 119, -902, 2474
53.42, 12776, -6272, 11224, 699, -4, 2042
53.48, 13600, -2612, 15204, 1191, 676, 1243
53.54, 7340, -2344, 16356, 790, 267, 1271
53.61, 11244, -1764, 13184, 923, 373, 1468
53.63, 11588, 108, 11760, 528, 1437, 1380
53.67, 8820, -1196, 13156, 388, 1534, 1111
53.71, 7260, -2104, 13832, 604, 1675, 817
53.75, 8124, -1984, 12148, 592, 1873, -834
53.81, -6000, -980, 15584, 316, 381, -441
53.86, -6912, 5604, 21968, -191, -71, -81
53.89, -9104, 6968, 15264, -782, -85, 298
53.94, -12980, 3312, 19556, -1250, -1612, 300
53.98, -9936, 4032, 14808, 214, -2340, 1104
54.04, 3000, -2848, 13612, 117, -1855, 1372
54.08, 5280, -8884, 11164, 528, -1706, 2980
54.16, 12700, 444, 11168, -3, 462, 2329
54.20, 9892, -284, 19136, 258, -129, 882
54.24, 12520, 944, 15364, 790, -66, 348
54.28, 12968, 5012, 14500, 312, 790, 232
54.33, 10016, -560, 12820, 89, 1076, -202
54.38, 4404, -2716, 11864, 260, 1208, -788
54.42, 1864, -3356, 11108, 497, 1276, -1632
54.47, -12, 3004, 10060, 497, 821, -1578
54.51, 1372, 7184, 10056, -316, 644, -78
54.56, -112, 4616, 15296, -1143, 1519, 595
54.58, -8776, 4972, 20968, -615, 417, 234
54.63, -12808, 968, 18588, -170, -367, 228
54.66, -10964, -1196, 15740, 370, -1802, 859
54.74, 264, -2512, 15104, 86, -1591, 1622
54.79, 3988, -5420, 11348, 288, -1222, 2233
54.83, 6252, -2400, 12572, 281, -509, 2506
54.87, 5756, -1536, 14240, 668, 272, 2227
54.93, 2928, -2284, 19852, 947, -653, 602
55.00, 9052, 1080, 10252, 379, -756, 451
55.04, 10836, 1960, 16876, -71, -738, 131
55.07, 11680, -2328, 18724, -362, -368, -714
55.10, 12732, -6216, 16264, 122, 437, -1754
55.13, 9864, -4408, 12756, 222, 1914, -1836
55.19, 3736, -60, 3080, -205, 2337, -1361
55.25, -1148, -6172, 7636, -85, 1475, -486
55.29, -5680, 448, 17500, -294, 998, -104
55.32, -8716, 1644, 19304, -403, 596, -20
55.34, -11884, 100, 19940, -280, 148, -101
55.37, -11200, 156, 20860, -84, -562, -425
55.46, -4692, -1960, 13892, -162, -2089, -272
55.51, 7324, -940, 15844, -30, -2413, 123
55.53, 11868, -3328, 17896, 31, -2298, 263
55.56, 19056, -3016, 13592, 269, -351, 813
55.59, 17340, -2832, 16912, 361, 356, 1020
55.62, 13612, -1276, 8172, -457, 1253, 658
55.67, 10748, 748, 13636, -476, 1319, 389
55.72, 5080, -7512, 5268, 271, 2096, 83
55.75, -2756, 5140, 19436, 757, 1886, 408
55.79, -9084, 1980, 20780, -123, 231, 1151
55.86, -6204, -1256, 17032, 129, -1079, 1108
55.91, -2716, -6872, 10976, -41, -1494, 878
55.95, 3084, -1176, 6588, -149, -1067, 707
55.99, 3496, -3012, 7264, -45, -978, 377
56.05, 13604, 2468, 21696, -276, -856, 460
56.08, 20288, -1896, 18072, 130, 414, 131
56.13, 11496, -4068, 22120, -238, 737, -328
56.18, 12364, -6476, 13352, 1173, 2107, -197
56.22, -484, -5380, -236, 645, 2360, 1209
56.28, -3268, 336, 5356, 329, 2079, 1872
56.31, -7464, 7588, 8324, -985, 5, 2499
56.39, -2408, -3628, 22980, -74, -1374, 1877
56.44, -240, -7772, 18464, 498, -2080, 1587
56.46, 4084, -4368, 13632, 629, -1710, 1230
56.50, 4984, -5076, 8740, 1076, -1478, 603
56.53, 3652, -6980, 5980, 1283, -941, 276
56.56, 2164, -1376, 9408, 886, -583, 727
56.60, 9960, 4648, 14784, -1055, 212, 1485
56.67, 29004, 720, 21124, -1239, 1406, 783
56.69, 17396, -616, 22040, -708, 2410, -371
56.74, 2528, -3668, 11800, 671, 1917, -485
56.77, 148, -5628, 14896, 630, 1772, -880
56.79, -9604, -7132, 11368, 1231, 425, -62
56.88, -2372, 1784, 10092, 502, -38, 1634
56.91, -6040, 2532, 13100, 4, -422, 2235
56.95, -536, 2772, 13992, -352, -1059, 2670
56.98, 1964, 1840, 12296, -958, -1030, 2705
57.01, 1984, -1972, 14040, -808, -1067, 2327
57.06, 3524, -4712, 17464, 463, -1615, 742
57.14, 6116, -3516, 18796, 935, -366, -59
57.18, 6068, 388, 15644, 554, -908, 304
57.22, 11588, -3312, 11560, 320, 177, 617
57.28, 15144, -1168, 11952, -493, 928, 819
57.33, 14488, 848, 15788, -130, 2464, 619
57.38, 920, 736, 14436, 305, 1815, 38
57.42, -4288, 1560, 14112, 412, 1059, -138
57.44, -3192, -664, 10740, 374, 641, -67
57.47, -6668, -1840, 13752, 192, -296, -2
57.50, -2756, -2024, 12900, 225, -1135, 729
57.54, 2744, -3684, 16300, 545, -1089, 1655
57.59, 6716, -1136, 10808, 423, -876, 1954
57.62, 6940, 836, 10096, 311, -340, 1829
57.65, 4796, 3008, 16092, -204, -123, 1585
57.69, 8048, 36, 20732, -276, 343, 1313
57.72, 5796, -852, 17064, 562, 475, 1014
57.79, -808, -284, 14816, 920, -272, -78
57.84, 1836, 5380, 18956, 569, -902, -468
57.87, 6296, 3232, 10392, -7, 246, 425
57.93, 7532, 1024, 10176, -637, 249, 863
58.04, 3384, -1112, 16044, -238, -429, 1041
58.08, 5268, -2976, 14400, 292, -502, 1123
58.10, 5780, -5156, 6976, 624, -247, 648
58.16, 12396, -5176, 15404, 820, 137, 731
58.20, 7764, -5652, 17092, 510, 679, 842
58.27, 4420, -1564, 13812, -222, 1366, 424
58.33, -4180, 864, 16060, -656, 1476, -380
58.36, -1812, -9512, 8164, 663, 825, -448
58.38, 1176, -10648, 12468, 1036, 73, -349
58.44, -9456, 1640, 22476, 0, -830, 393
58.53, -6788, -820, 15656, 930, -841, 607
58.56, -3356, 220, 3424, 1742, -788, 1239
58.60, -5036, 10768, 7608, 1023, -1192, 1359
58.62, 1264, 10544, 13512, 378, -1673, 1503
58.66, 11824, 5188, 18808, 647, -1561, 1542
58.70, 25148, 14012, 32511, -31, 134, 2672
58.77, 20912, 13076, 7168, -3150, 2977, 3605
58.81, 1276, 6848, 5376, -3979, 3298, 2527
58.83, -7716, -5312, 952, -4994, 3216, 2271
58.85, -12884, -15028, 6444, -5524, 2544, 1866
58.91, -9324, -20176, 12276, -4702, 452, -56
58.95, -8444, -29108, 1032, -4714, -885, -491
58.99, -9276, -24288, 10132, -3821, -2114, -721
59.03, 1700, -23312, -2164, -2309, -2270, -1489
59.06, 9724, -22412, 8652, -1239, -1169, -227
59.12, 5336, -15188, -5444, 429, -294, -363
59.17, -1460, -10804, 200, 1968, 630, -672
59.22, -5432, -2344, -4688, 2228, 538, -524
59.25, -7112, 556, -6520, 2098, 190, -158
59.28, -9836, 3340, -5988, 1890, -516, 474
59.33, -6504, 5528, -5692, 1342, -1817, 480
59.37, -4440, 5796, -7956, 576, -2531, 405
59.41, -3080, 1744, -8016, 250, -3171, -211
59.46, 860, 32768, 9976, 4608, -3970, 356
59.50, 16428, 32768, 14680, 5117, -2574, -169
59.54, 26280, -11556, 3924, 5830, 577, -1107
59.58, 10764, 4900, 2064, 5861, 2749, -1951
59.63, 4240, -440, -64, 5536, 3871, -1467
59.69, -22120, 32767, 32767, -1124, 4166, -2661
59.73, -27168, -1012, 32767, 1259, 1685, -1106
59.76, 32768, 8368, 24644, 1233, 516, 490
59.82, -25852, 6628, 8792, 1006, -1220, 260
59.84, -21664, 10004, 10852, 804, -1554, -357
59.88, -16108, 7580, 10280, 232, -2822, -1135
59.96, 580, 3080, 6836, -699, -3179, -1426
60.01, 5156, 4540, 10228, -801, -3509, -1925
60.07, 14288, 5124, 14920, -607, -2018, -1653
60.10, 12636, 4556, 19276, -443, 219, -1942
60.17, 1736, 6492, 19900, -113, 1614, -2404
60.23, -11152, 6084, 15552, 297, 163, -2124
60.27, -7572, 8052, 16988, 45, -953, -1311
60.30, -3420, 8464, 12816, -1005, -842, -926
60.36, -4248, 7976, 11532, -1422, -1389, -330
60.41, -172, -684, 15916, -488, -1241, 197
60.45, 2996, -5940, 14508, 80, -1323, 328
60.48, 3248, -1476, 20124, -392, -353, 337
60.51, 7292, 6464, 14872, -495, 1043, -504
60.55, -1812, 13436, 16136, -1585, 943, -924
60.58, 2388, 10016, 10396, -800, -1205, -1008
60.66, 15008, -2632, 16420, 478, 1038, -2090
60.75, 4516, -3176, 12408, 371, 2510, -3107
60.79, 60, 820, 8956, 502, 2502, -2821
60.84, -3192, 7360, 11620, -1228, 558, -743
60.90, -11224, -1788, 14776, -825, 607, -252
60.97, -13416, 3368, 15548, -86, -1801, 223
61.10, 2808, 6240, 14076, -463, -1836, 1931
61.15, 9908, 3824, 7412, -956, -1119, 1389
61.19, 7628, 5408, 11524, -84, -705, -408
61.25, 8088, 5396, 14744, -233, -675, -692
61.30, 11940, 4012, 25548, 43, 969, -1577
61.36, 7732, 3600, 10564, -676, 666, -1169
61.46, 4424, -3572, 12156, -695, 678, -1292
61.56, 6204, -744, 18296, 742, 1507, -1426
61.60, -2272, 296, 16632, 548, 1430, -1617
61.65, -7448, 664, 12364, 171, 1253, -1391
61.70, -7648, -1172, 15868, 168, 23, 198
61.76, -9616, 548, 13452, 46, -1375, 702
61.81, -312, -592, 17636, 61, -772, 318
61.93, 2108, -124, 12088, -10, -16, -450
61.98, 596, -1248, 12664, 312, 45, -608
62.02, -1716, -2256, 15704, 75, -507, -268
62.09, -1856, -1132, 17320, -131, -951, -332
62.15, 328, 7172, 14876, -879, -1058, -256
62.19, 5260, 1804, 12784, -797, -1217, 1116
62.24, 10356, -6332, 15352, -237, -764, 2291
62.30, 13976, -2300, 14556, 345, 1094, 1232
62.35, 5108, -3220, 13516, 492, 1368, 441
62.42, 5900, -708, 13620, 410, 1261, 403
62.47, 3348, -1220, 14676, 439, 1868, -378
62.54, -6956, -572, 13036, 39, 1338, -1037
62.56, -9848, -3976, 17056, -90, 884, -1368
62.59, -9452, -7660, 16548, 135, 252, -1306
62.63, -10552, -392, 17888, 171, -878, -1745
62.69, -5176, 7496, 14204, 248, -835, -1443
62.71, -3804, 4116, 13488, 1104, -533, -981
62.82, -4092, 2004, 15640, -403, -1803, -99
62.87, 3256, 6240, 18744, -828, -1732, 1026
62.91, 5988, -2672, 17756, -1274, -1274, 1246
62.95, 5320, -3604, 19888, -1547, -78, 1586
63.08, 11752, -18852, 3284, 1257, 2246, 567
63.18, 3336, -2820, 3848, 2616, 1998, 376
63.22, -5860, 14552, 24380, 1038, 1744, -30
63.27, -11220, -3136, 7060, 1442, -3050, -207
63.36, 3388, 9388, 14356, -466, -2238, 2166
63.45, 20196, 4048, 15244, -546, 1403, 67
63.56, -420, -3772, 14640, 63, 715, -403
63.60, 500, -4140, 14132, 1305, -1275, 679
63.67, 8892, -3428, 13324, 1298, -845, 1503
63.71, 13592, -4364, 11716, 1390, 253, 2114
63.77, 8188, 5176, 8820, 334, 1536, 3370
63.82, 3672, -1212, 17340, 254, -172, 3657
63.93, 11012, -7272, 23568, 165, -82, 2920
63.98, 12440, 8, 19168, 337, -56, 2597
64.02, 8924, -3324, 6756, 317, 33, 2222
64.08, 7436, -7424, 6284, 975, 1131, 1559
64.12, 304, 2736, 16372, 353, 1082, 1005
64.19, 4208, 4184, 20568, -245, 249, 740
64.25, 3016, 2880, 13920, -21, -257, 1655
64.34, 7136, -376, 18952, 1420, -762, 2011
64.40, 14084, 720, 23680, 1562, -232, 2393
64.46, 1260, 13576, 26064, -3088, 1815, 1831
64.56, 996, -3992, -2504, -2386, 1697, 1826
64.61, -3440, -16876, 5556, -1434, 988, 739
64.68, -9328, -20636, 1144, 158, -589, 331
64.74, -3524, -6532, 2612, 706, -1143, 219
64.77, -2372, -2404, 2848, 1310, -1558, 314
64.82, -4220, -2876, 1992, 1632, -2385, 450
64.89, 24080, 2620, -3124, 2990, -623, 2066
64.95, -16872, 10860, 32767, -579, -477, 1201
65.06, 7628, 5524, 3516, -2215, 2196, -26
65.18, -2852, -9152, 7128, -2223, 948, 559
65.28, -6772, -11576, 7692, 503, -321, 360
65.35, -4948, -4916, 7024, 526, -1143, 858
65.47, -2112, -9648, 5404, 1027, -1257, 932
65.52, -4508, -12032, 2884, 3635, -2609, -56
65.65, 11220, 26264, 32767, 1761, -1777, 1084
65.72, 18700, 2604, 25736, 1151, 2874, -88
65.83, -6936, 5032, 8216, -2468, 963, -10
65.86, -4796, -2024, 4352, -2115, 400, -173
65.91, -1528, -8156, 3584, -2157, 220, -321
65.94, 1768, -11692, 13572, -662, 772, -475
66.03, -4948, -12052, 12580, 244, -1376, -539
66.12, 2928, -7428, 8000, 1462, -290, -1225
66.18, -844, -9248, 6972, 2242, -247, -1119
66.23, -8004, -12004, 3900, 3723, -824, -1038
66.30, 13804, 14564, 25056, 28, 1188, -288
66.39, -8120, 12660, 21360, -641, 1974, -626
66.45, -11724, 12992, 17988, -2031, 781, -1248
66.52, -7048, -5476, 10892, -1383, -467, -1843
66.60, 9380, -10992, 10200, -163, 1590, -2846
66.69, -9580, -16264, 11984, 2627, 1257, -1801
66.81, -7040, -8480, 10376, 3501, -935, -363
66.86, -23772, 23620, 25180, 1984, -1726, -822
66.91, -18732, 2212, 28104, -116, -2038, -705
66.95, -384, 6368, 15872, -189, -1067, 135
66.98, -2552, 10944, 12360, -1438, 603, 203
67.04, -8676, 9236, 18720, -1930, -119, -644
67.11, 1096, -5616, 12628, -277, -431, -1402
67.15, 2300, -8936, 9588, 376, -338, -2474
67.20, 1816, -3700, 13020, -313, -721, -3171
67.22, 2208, -4284, 15356, -509, -167, -3655
67.27, 2608, 1212, 16768, -105, 72, -3366
67.33, -3204, -4340, 14476, -174, 30, -2729
67.39, -3164, -4964, 17152, 686, -73, -1285
67.45, -3376, 76, 14956, 711, 1019, 238
67.53, -7248, 8888, 9676, -145, 296, -105
67.59, -9208, 6624, 13480, -1254, -377, -418
67.63, -5376, 5864, 16764, -445, -1202, -694
67.74, 7536, 244, 20544, -325, 812, -3508
67.80, -7400, -4764, 14860, 409, 288, -3667
67.88, -3832, -3820, 13116, 655, -536, -50
67.96, -5528, -9076, 11560, 188, -721, -283
68.03, 5660, -1652, 23716, -798, -1075, 1030
68.12, 13144, -812, 15572, 203, 1045, 1416
68.18, 9164, -2592, 12000, 229, 1315, 1163
68.21, 6056, -12316, 11816, 942, 1778, 1724
68.26, -16, -6688, 7860, 793, 1168, 2382
68.29, -3268, 5128, 16856, 247, 762, 2687
68.33, -2756, 6252, 16516, -422, -203, 1710
68.38, 244, -1588, 20664, 58, -524, 1117
68.41, 1464, -2608, 14620, 475, -401, 845
68.44, -1464, -3564, 12968, 382, -237, 714
68.48, -1488, -7184, 11376, 389, -169, 958
68.51, -2572, -196, 20792, -313, -1484, 1255
68.60, 11440, -2144, 16492, -830, -391, 742
68.64, 10272, -2444, 17836, 89, 391, 107
68.67, 10716, -3676, 15552, 288, 959, -393
68.74, -1748, -4100, 15492, 470, 462, 166
68.81, -3356, -4280, 15136, 680, -777, 1664
68.86, 848, -3536, 11836, 604, -404, 2018
68.89, 4140, -4880, 13320, 587, -172, 2675
68.92, 3484, 1648, 13112, -243, 104, 2680
68.96, 5024, -4156, 13676, 228, 253, 2213
69.02, -116, -2416, 19240, -134, -629, 1730
69.08, 2120, -2660, 18008, -101, -590, 682
69.12, 3292, -5316, 16660, 209, -515, 422
69.15, 1728, -5828, 11640, 527, -845, -13
69.18, 4304, -8776, 13040, 183, -67, -358
69.24, 4188, -3820, 13484, 190, 402, -383
69.29, 4092, -1500, 15260, 184, 969, -62
69.34, 1664, 204, 17064, -291, 608, 412
69.37, 5004, -2908, 17756, -275, 818, 572
69.41, 48, -1068, 20624, -38, 896, 52
69.45, -3700, -6172, 16852, 306, 60, -397
69.49, 7308, -12324, 9620, 200, 615, -71
69.57, -60, -9512, 20852, -117, -115, 1655
69.65, -5228, 5960, 20884, -1154, -30, 1362
69.68, -4500, -5888, 20488, 540, -1996, 1348
69.74, 2444, -3412, 1344, 1042, -1382, 13
69.79, 4080, 10976, 10316, -222, -1770, 128
69.84, 14076, 3272, 19564, -511, -1285, 220
69.90, 24348, 2660, 16188, -867, 1406, 391
69.94, 12188, 280, 15116, 129, 2116, 498
69.98, 1572, -2060, 15836, 508, 1043, 1328
70.03, -7168, -6140, 17028, 681, 513, 1760
70.06, -6668, 3120, 13532, 776, -937, 571
70.14, 1108, 10168, 28532, 931, -596, -384
70.20, 8560, 29380, 22680, -4101, 1165, 84
70.30, -1684, -25080, 10888, -6167, 1097, -714
70.43, -1244, -15024, -3368, -3956, 1829, -1327
70.46, -4760, -7360, -3752, -160, 758, -845
70.55, 2688, -4092, -3396, 211, 1384, -1719
70.61, 5132, -424, 540, 934, 1994, -1604
70.69, 1356, 8560, -5956, -38, 3001, -674
70.78, -1044, 2344, -7600, -1939, 2950, -1547
70.85, 11112, 32768, -3524, 3040, 3743, -2048
70.91, 5480, -32664, -1092, 4892, 4533, -3454
70.97, -1840, -27536, -9360, 6336, 4061, -1586
71.08, -14300, 32767, 10692, 2468, 2296, -735
71.11, 22868, 916, 32767, -128, 2302, 808
71.17, -22504, 20500, 29664, 1371, 862, 1428
71.23, -6084, 1620, 9284, 757, -102, -78
71.27, 140, 3120, 2568, 429, 33, 288
71.32, -2076, 6620, 11864, -858, -1082, 539
71.40, 5856, -3920, 15800, 438, -136, 1678
71.50, -9192, -2292, 15612, 123, -1134, 1929
71.63, 2072, 1940, 13044, 350, -1856, 2181
71.69, 6628, -1292, 8928, 281, -1948, 2895
71.76, 14544, 556, 17268, 536, 820, 927
71.86, 7392, 2960, 13076, 48, 1526, 430
71.91, 4540, 1944, 12612, -122, 1635, 134
71.96, 6068, -4300, 14112, 237, 2036, -496
72.00, 2064, -5320, 10744, 345, 1584, -1128
72.06, -3796, 1440, 14448, 486, 93, -64
72.14, -6604, 8124, 16564, -562, -697, 1314
72.23, -9176, 200, 12124, 102, -2167, 1483
72.30, 3016, -5428, 12832, 938, -1855, 2131
72.38, 11656, 556, 13904, 33, -1320, 2733
72.41, 16764, 2108, 11708, 274, -34, 2283
72.46, 11468, 6524, 18204, -69, 1260, -461
72.54, 8084, 2096, 16732, 203, 1184, -698
72.61, 7688, 1332, 17536, 488, 1389, -1027
72.70, 2604, -6544, 10448, 1021, 1625, -1667
72.74, -3344, 744, 10724, 266, 1138, -1484
72.78, -2052, 9692, 21452, -681, 145, -510
72.83, -9944, 9308, 15736, -173, -954, -391
72.96, -4492, -4916, 11260, 242, -2450, -367
73.00, 2120, -8556, 8364, 836, -2851, 1171
73.05, 10312, -1704, 15280, 150, -981, 1323
73.10, 9280, 7792, 18052, -694, 617, 448
73.17, 9560, 3072, 16072, 228, 955, -885
73.33, 6888, -2100, 7828, 209, 2252, -2413
73.38, -1128, -5136, 11272, 620, 1873, -2952
73.42, -4116, -4896, 9524, 991, 1004, -2393
73.52, -10824, 8248, 18220, -810, -306, 152
73.57, -11068, 7668, 15480, 92, -1367, 24
73.66, -3128, -2448, 14024, 184, -1670, 457
73.73, 1136, -3924, 12276, 344, -1699, 1215
73.76, 8452, -2756, 12356, 346, -1129, 1224
73.81, 7260, 180, 12924, 548, 901, 62
73.89, 5420, 7488, 15536, -170, 140, 125
73.95, 8812, 6860, 12592, 580, 765, 390
74.07, 8228, 2644, 13480, 206, 1342, 323
74.10, 4196, -248, 10212, 202, 1131, 294
74.15, 5524, -3068, 10612, 272, 836, -29
74.19, 2632, -2676, 15584, 383, 446, 172
74.25, 8560, 3872, 16092, 178, 716, 835
74.30, 3360, 8936, 19432, -353, 1265, 1120
74.35, -3828, 7884, 14924, -449, 608, 1704
74.44, -7400, -1184, 12708, 73, -1405, 3584
74.54, 8156, -3544, 15920, 418, -1050, 3187
74.58, 9040, -3468, 12212, 616, -1185, 3674
74.65, 14184, -1200, 10916, 1085, -35, 1870
74.74, 14552, 3996, 13448, 1488, 105, 1381
74.79, 13196, 4716, 13196, 1112, 1029, 1758
74.88, 10224, 3604, 11512, 557, 1891, 1324
74.94, 9396, 2348, 11924, 663, 2173, 705
74.99, 2540, -1672, 8308, 899, 2572, 28
75.06, -2928, -208, 13380, 131, -851, 1379
75.14, -4096, 9320, 19740, -9, -1027, 1513
75.16, -296, 10856, 19580, -126, -931, 1336
75.19, -880, 12360, 15304, -598, -515, 1387
75.24, -1500, 6064, 15252, -866, -999, 1112
75.30, 2236, -3560, 13236, -228, -1237, 1075
75.38, 3596, -8084, 11648, 635, -977, 1973
75.42, 4248, -4936, 11572, 467, -892, 2659
75.48, 9808, 1208, 16620, 256, 83, 791
75.52, 11708, 2952, 15484, 412, -442, 658
75.56, 12844, 2000, 12644, 532, -84, 613
75.58, 10352, 1708, 13604, 503, -67, 1070
75.63, 14452, 688, 13772, 296, 2251, -8
75.77, 6324, -11108, 10392, 873, 2297, -995
75.79, 900, -4928, 9196, 325, 1046, -1383
75.85, -1656, 6620, 13384, -187, 361, -978
75.90, -464, 8928, 20644, -318, -86, 464
75.99, -5372, -1392, 13364, 188, -1840, 811
76.10, 5672, -3788, 13960, -99, -1528, 1296
76.14, 9556, -5052, 10752, 668, 350, 1744
76.22, 4428, 2148, 13928, 351, 1259, 1457
76.27, 648, 4172, 18964, -448, -227, -89
76.38, 12700, 1004, 16468, -48, 873, -407
76.45, 9928, -4012, 12892, 264, 1606, -1473
76.52, 1584, -2608, 10408, 34, 1203, -1712
76.59, -1340, -2900, 12652, 32, 898, -597
76.68, -3348, -1364, 17548, 851, 142, 507
76.75, -3664, 944, 16752, 278, 57, 936
76.81, -5500, 1200, 15280, 198, -1429, 1077
76.87, 1376, -1460, 11224, 215, -2139, 2556
76.94, 10840, -6436, 11220, 367, -1855, 3275
76.99, 19556, -2160, 7740, 1306, 302, 2787
77.06, 17936, 588, 14160, 1351, 885, 2599
77.10, 13916, 2532, 12664, 1453, 1170, 2298
77.12, 14300, 8096, 14624, 1212, 1384, 1188
77.19, 5896, 3448, 13444, 883, 1369, -137
77.25, 3000, -5340, 13028, 223, 471, -538
77.33, 1260, 3036, 19496, -1130, -311, 155
77.43, -12016, -2408, 18376, -859, -694, 1325
77.50, -3372, -4888, 16336, 647, -2690, 1920
77.57, 6284, -3712, 9180, 22, -2477, 2669
77.62, 17540, 48, 9256, 524, 782, 898
77.71, 12180, -268, 20944, 278, 443, 743
77.76, 18160, -1488, 18696, 308, 1298, 392
77.79, 8692, -4332, 20200, 726, 1861, -1046
77.85, 6924, -7908, 7488, 961, 2689, -1509
77.88, -5204, -100, 8096, 276, 967, -304
77.99, -12188, 3080, 23608, -1047, -721, 1172
78.09, -6468, 1376, 17016, -171, -2178, 60
78.15, -2712, -8148, 9492, 846, -2403, 675
78.23, 4200, -3688, 8844, 676, -1606, 1750
78.29, 14848, -6560, 15620, 778, -372, 3596
78.37, 32767, -980, 18920, -108, 4534, 1399
78.41, -6444, -3924, 6636, -313, 3014, -2366
78.46, -22256, -12848, 4892, 941, -2062, 431
78.56, 15780, -14952, -2524, -460, -3682, 1468
78.70, 15828, 4676, 29168, 222, 335, -726
78.78, 7752, -3680, 21104, 489, 687, 112
78.86, 8864, -1744, 16644, 458, 880, 139
78.91, 4996, 1496, 9528, 634, 1991, -13
78.95, 868, 604, 9396, -219, 1260, 1703
79.04, -9436, -796, 18980, -577, -329, 2582
79.10, -1208, -4972, 21108, -530, -445, 2395
79.16, 2768, -2928, 19860, -220, -833, 1457
79.20, 2548, -3900, 11388, 149, -931, 985
79.28, 2380, -4428, 14780, -96, -957, 1303
79.45, 6812, -3088, 17356, 303, 1195, 1024
79.56, 744, -5616, 15916, 1219, -477, 1321
79.64, 8324, -5168, 15204, 1120, 126, 1840
79.76, 3808, 4272, 11940, -504, 765, 2062
79.81, -3420, 2144, 15208, -468, 586, 2091
79.85, -2016, -1756, 18128, -512, -406, 1997
79.90, 2044, -3796, 17116, 94, -409, 1260
80.00, 2304, -2884, 11628, 522, -424, 1092
80.05, 1784, -3780, 14840, 670, -477, 961
80.14, 5444, 1784, 14480, -126, 143, 877
80.19, 800, 1240, 13104, -176, -214, 690
80.26, 6268, 796, 17412, -172, 112, 478
80.34, 2904, -1172, 13616, -96, 242, 12
80.39, 8716, -2448, 14204, 418, 851, 752
80.46, -2408, 2784, 16008, 74, 443, 873
80.49, -2948, 856, 15672, 348, 21, 904
80.52, -148, 80, 15104, 445, -142, 921
80.55, 180, -1160, 13084, 370, -50, 1099
80.62, 2016, -952, 15512, 62, 126, 1181
80.64, 2152, -220, 12300, -116, 398, 867
80.72, 984, -124, 16504, 56, 72, -367
80.81, 1572, -2760, 13380, 137, 316, -603
80.84, -80, -1176, 14488, -27, 152, -675
80.89, -152, 440, 14368, -27, 190, -862
80.93, 348, -484, 16132, 121, 153, -886
80.99, -4136, -4420, 18160, 630, -102, 500
81.10, 916, -52, 10988, -163, -259, 940
81.19, 2832, -1192, 15960, 47, 123, 111
81.26, 1268, -472, 14376, 196, 328, -351
81.30, -36, 372, 14836, -65, 246, -449
81.37, 144, -692, 14000, -292, -245, -364
81.44, 692, -1844, 16380, 12, 142, 302
81.58, 2168, -3016, 10264, 500, 137, 515
81.64, 1068, -2528, 9628, 887, 1386, -134
81.73, 3508, -2864, 23416, 25, 1284, -74
81.80, -2052, -12896, 22860, 1124, 79, -494
81.88, 1512, -23428, 14184, 2449, -391, -374
81.92, -64, 9732, 7996, 799, -100, 271
81.97, -9008, 22888, 27240, -1214, 162, 305
82.06, -10688, 9020, 32767, -859, 606, -1742
82.14, -932, 1860, -2960, -4142, -1912, -1821
82.22, 22656, 32768, 7692, -1239, 1656, -1728
82.25, 16212, -28672, 7104, -432, 2651, -1511
82.29, 240, -8808, -6772, 1946, 3503, -1371
82.34, -11284, 5836, -4500, 2255, 2322, -1271
82.38, -16980, 6376, -2120, 1645, 683, -1636
82.42, -14228, 5384, -1728, 1902, -898, -1783
82.47, -5188, -4, -5804, 3611, -2624, -379
82.53, -7276, 32767, 32767, -693, -4025, 91
82.62, 7500, 7732, 25904, -1776, 1691, -3483
82.68, 2224, -2104, 1944, -1633, 1584, -4629
82.72, 3312, -14964, 11172, -308, 1535, -3360
82.81, -3236, -11872, 4976, 926, 1283, -2753
82.86, -7976, -10072, 8760, 1463, 1150, -1920
82.91, -11152, -9508, -3196, 2609, -441, -1196
82.96, -10864, 1636, -2276, 2673, -992, -850
82.99, -5848, 3424, -3676, 2363, -2005, -320
83.06, 4960, 10176, 14568, 838, -1428, 1073
83.14, 5732, 7248, 32767, -1241, 394, -404
83.25, -164, -3880, 9248, -359, 49, -1543
83.30, -2812, -5172, 11140, -80, 996, -3084
83.35, -6728, -3680, 17008, -157, 675, -3031
83.37, -5268, -1872, 19476, 64, 484, -2963
83.45, -4156, -1684, 9988, 232, -848, -963
83.57, 520, -856, 7876, -621, -1118, 1013
83.63, 2924, -520, 19960, 176, -488, 1786
83.75, 8560, -5712, 12904, -71, 599, 1486
83.79, 8652, -9576, 12108, 229, 1753, 1136
83.88, 5864, 4720, 14460, -237, 2752, 954
83.93, -4020, 5336, 11448, -197, 2918, -44
83.98, -19884, 856, 17792, 301, 1441, -698
84.03, -19576, -4804, 16676, -605, -1508, -150
84.09, -8024, -2560, 16504, -170, -2135, 1104
84.18, 612, -8608, 6052, 470, -1763, 1380
84.23, 4912, -10604, 5016, 1071, -1088, 1009
84.25, 1648, -1552, 16264, 825, -1336, 694
84.28, 2112, 4024, 19508, 463, -1349, -103
84.31, 3392, 4712, 20876, -304, -1056, -863
84.34, 7228, 760, 21084, -435, -120, -890
84.38, 208, 1052, 13240, 15, 946, -1769
84.43, -1744, -8272, 15280, 914, 907, -1123
84.48, -12284, -4360, 15196, 1070, 527, -1501
84.51, -15092, 1888, 10456, 782, -300, -1532
84.54, -14000, 4956, 16956, 504, -1342, -752
84.61, -5792, 8784, 14676, 406, -294, -1733
84.74, 1048, 3928, 8360, 424, -335, -3103
84.78, 4072, 9904, 16004, -155, -188, -3999
84.83, 380, 10288, 17032, -585, 334, -4249
84.87, -460, 5720, 17936, -649, 854, -4012
84.93, -11428, -552, 15036, 251, -42, -2975
85.01, -4928, 1024, 15664, 851, -644, -2555
85.12, -8808, 3584, 14260, 1023, -1529, -2156
85.17, -5648, 7656, 10084, -554, -1655, -1625
85.23, -2428, 1816, 11860, -518, -1779, -359
85.27, -64, 2204, 13608, -281, -1781, -346
85.30, 3100, 3220, 18176, -655, -1230, -297
85.38, 3128, 3656, 15020, -382, 453, -1252
85.45, 6092, 3232, 12968, -779, -119, -1290
85.54, 9944, -1208, 19360, -859, 280, -1681
85.60, 8400, -4980, 17232, -722, 831, -1310
85.65, 3424, 924, 13336, 424, 714, -528
85.72, 1824, 528, 10560, 1338, 2242, 1233
85.82, -6708, 19884, 24680, 690, 554, 2817
85.91, 5624, 7816, 10500, -1068, 623, 2377
85.96, -10628, -1096, 12516, -1238, -1496, 4491
86.04, -812, -23456, 7148, -805, -2072, 5643
86.13, 20248, -404, 12548, 1113, -1341, 3886
86.20, 12136, 240, 14044, 729, -950, 3087
86.28, 9444, 4188, 11492, 930, 908, 1508
86.34, 11072, -1752, 18908, 1273, 905, 706
86.38, 1568, -16, 5440, 1314, 1268, 259
86.43, -1044, 7040, 27872, 433, 545, 1254
86.48, -10688, 15124, 17672, -779, 727, 2430
86.53, -6796, 8740, 16440, -723, -484, 2493
86.57, -1076, 2452, 13556, -237, -1136, 2285
86.64, -2188, -3788, -5152, -311, -818, 2041
86.70, 4652, -4572, 30252, -1109, -484, 734
86.76, 12084, 4068, 24776, -336, 1205, 455
86.83, 10948, 2940, 14732, 1175, 2243, -117
86.92, -6880, 4272, 14684, 1259, 834, 1148
86.98, -12232, 6336, 11948, 21, -670, 2434
87.01, -7376, 5356, 10776, -609, -1808, 4732
87.09, 7068, -748, 10156, -1255, -2583, 4062
87.16, 20116, -12460, 12944, 2056, -663, 1997
87.26, 12444, 140, 10444, 2082, -636, 2285
87.28, 13208, -2240, 11652, 1698, -6, 2060
87.36, 13324, 1316, 9964, 1420, 570, 1980
87.42, 16928, 6252, 7576, -208, 1560, 986
87.54, -1892, -3604, 15976, 1129, -646, 1326
87.60, 3552, -3188, 12720, 889, -850, 2682
87.67, 5728, 6268, 11004, 289, -414, 2247
87.73, 7220, 4348, 16508, -566, 476, 1839
87.77, 4980, -1128, 15904, -434, 1649, 1297
87.81, -2740, -5252, 17444, -86, 588, 896
87.87, -5188, -2408, 15188, 719, -947, 550
87.93, 1676, 1476, 11620, 438, -931, 556
88.01, 7408, -2664, 13964, 315, 211, 654
88.08, 3704, -1208, 15756, 286, 66, 598
88.13, 3620, -140, 14312, 280, 82, 380
88.17, 3732, -460, 15352, 198, 30, 210
88.19, 4340, -1248, 13416, -83, 267, -109
88.27, 3448, -1412, 14184, -154, 125, -122
88.35, 2436, -1940, 15724, -109, -283, 53
88.45, 5668, -2780, 14904, 198, -19, 160
88.49, 4628, -1252, 14140, 171, 296, 223
88.53, 3072, -1000, 13452, 174, 228, 296
88.58, 2216, -304, 15408, 162, 76, 503
88.69, 3188, -1928, 15480, 195, 241, 188
88.72, 2820, -1652, 14288, 36, 168, 36
88.79, 2076, -644, 13744, -110, 126, -71
88.83, 1684, -116, 14112, -220, -106, -93
88.86, 2296, -2284, 14792, -107, -290, -224
88.93, 1336, -6272, 19388, 479, -376, 22
88.96, 4680, -4056, 16400, 463, 226, 270
89.02, 5224, -2592, 14588, 425, -483, 416
89.09, 5492, 4672, 15560, 853, 1869, 632
89.17, 7420, 4204, 17548, -512, 3851, -499
89.23, -21588, -5048, 5780, 1017, 2455, -2921
89.27, -21156, -6176, 7856, -449, -3666, 1713
89.38, 13004, -12180, 13480, 785, -3549, -805
89.52, 32767, 1416, 23076, -109, 417, 2826
89.55, 28772, 364, 16448, 760, 2855, 389
89.59, 12544, -1704, 13900, 1164, 3338, 4
89.64, -3608, -3928, 13288, 1159, 1336, 279
89.73, -5916, 2120, 16224, -362, -329, 856
89.79, -5512, 2468, 12704, -364, -746, 705
89.84, -1720, 3560, 14120, -1042, -1324, -4
89.91, 3488, 136, 14324, -243, -1418, -33
89.94, 2332, -1004, 16728, -298, -1126, 195
