0.00, -4544, -2640, 15336, 32, 13, 69
0.04, -4240, -2340, 15264, 80, 55, 112
0.17, -3888, -2836, 13896, -10, -100, 364
0.24, -1164, -3752, 15340, 240, 545, 419
0.30, -2436, -3016, 16696, 405, 656, 609
0.37, -2980, -3412, 14972, 407, 598, 701
0.40, -2392, -1920, 13028, 407, 603, 540
0.43, -1880, -1236, 12388, 501, 638, 958
0.46, -1360, 192, 14600, 473, 665, 1146
0.48, -2452, 2216, 18332, -19, 516, 1271
0.50, -5012, -2276, 13556, -69, 899, 1164
0.53, -9768, -1024, 16376, -31, 814, 1170
0.55, -11876, 536, 16300, -213, 653, 1294
0.57, -12372, 324, 14080, -262, 482, 1461
0.59, -13560, 880, 11484, -417, 138, 1469
0.62, -15348, -336, 11756, -578, -231, 1471
0.64, -14696, -452, 12136, -615, -842, 1533
0.67, -11952, -696, 12748, -681, -1094, 1621
0.69, -9264, -772, 13984, -742, -1237, 1643
0.71, -5740, -2316, 14328, -684, -1239, 1638
0.73, -2968, -2032, 14796, -483, -1112, 1629
0.75, -1280, -632, 15676, -332, -832, 1610
0.77, 600, -588, 14988, -138, -450, 1542
0.79, 1460, -172, 16336, 37, 148, 1339
0.81, 860, 884, 17972, 44, 428, 1229
0.83, 780, -700, 15164, 87, 488, 1298
0.85, -3120, -2008, 14216, 64, 911, 1099
0.88, -6208, -2096, 15360, -292, 896, 908
0.89, -3628, -1952, 12792, -484, 1093, 796
0.91, -5332, -2284, 14404, -577, 1068, 735
0.94, -4400, -3872, 12928, -372, 1067, 307
0.96, -660, -796, 13024, -188, 1172, 95
0.98, -4168, 1004, 16540, -284, 1047, -110
1.01, -6660, 204, 14684, -132, 1024, -162
1.02, -9996, 2124, 16244, -223, 752, -133
1.04, -11428, 1812, 12876, -237, 422, 96
1.07, -11524, 2588, 14568, -193, -105, 337
1.08, -9456, 1260, 12332, -116, -438, 550
1.10, -5692, 168, 11160, 147, -491, 804
1.12, -3940, 2020, 16584, 110, -649, 768
1.14, -5112, 3452, 16800, -301, -342, 1062
1.16, -8052, 580, 16544, -303, 135, 1142
1.18, -10548, 2548, 15580, -583, 217, 1272
1.20, -14844, 996, 11912, -688, 140, 1382
1.22, -15728, 1068, 12224, -708, -58, 1352
1.23, -16580, 932, 14004, -763, -308, 1312
1.25, -14808, 972, 12780, -706, -583, 1321
1.27, -13340, 2036, 11120, -805, -751, 1335
1.29, -12044, 1308, 10912, -782, -996, 1528
1.31, -9112, 3120, 10736, -1059, -1064, 1696
1.33, -7200, 2608, 11272, -1274, -1061, 1919
1.35, -5776, -620, 11508, -1100, -1200, 2091
1.37, -4356, -3528, 14608, -894, -1056, 1975
1.39, -1472, -5104, 16428, -578, -1082, 1684
1.41, 1424, -8464, 13740, 87, -777, 1222
1.42, 160, -3940, 18036, 300, -307, 792
1.44, -1660, -184, 20144, 173, -149, 465
1.46, -1616, 1540, 18196, 24, 29, 180
1.48, -948, 3036, 18600, -183, 7, 110
1.49, -516, 332, 16032, -152, 488, 76
1.51, -972, 708, 15944, 19, 745, 144
1.53, 648, 108, 14296, 11, 1000, 47
1.55, 540, 84, 13696, 33, 1256, -76
1.57, -1116, -420, 14368, -20, 1390, -134
1.59, -3696, -1128, 13844, 22, 1362, -160
1.61, -4748, -1764, 13124, 10, 1288, -314
1.63, -7072, -300, 13136, -136, 958, -272
1.65, -6788, -288, 10160, -143, 730, -677
1.66, -6900, 148, 11416, -49, 524, -730
1.68, -8284, 996, 13452, -39, 326, -821
1.70, -8892, 396, 10860, 329, 244, -1022
1.72, -10000, 3420, 15496, 370, -124, -374
1.74, -11456, 4376, 17788, 136, -344, -41
1.76, -11676, 3424, 19700, 88, -312, 432
1.78, -10752, 3288, 17600, -35, -93, 832
1.80, -11964, 852, 15572, -92, -106, 769
1.82, -11700, 172, 13144, -53, -275, 1081
1.84, -11128, 496, 11732, -116, -260, 1018
1.85, -10064, 716, 11000, -203, -646, 910
1.87, -9316, 724, 10812, -347, -733, 815
1.89, -7744, 544, 10968, -397, -667, 512
1.91, -7188, 656, 12828, -386, -477, 754
1.93, -7380, 512, 12008, -426, -516, 802
1.95, -7096, 1148, 10368, -623, -492, 833
1.97, -6784, 1044, 11840, -889, -460, 860
1.98, -6280, -1504, 14304, -716, -288, 1205
2.01, -5488, -2676, 15204, -384, -154, 1369
2.03, -5488, -3396, 16404, -143, -159, 1328
2.05, -5484, -3284, 16208, -41, -199, 1104
2.07, -6260, -3332, 15236, 119, -473, 819
2.09, -6300, -3280, 14424, 289, -319, 543
2.11, -5924, -676, 20196, 66, -280, 346
2.13, -3280, -2252, 15440, 62, -119, 162
2.14, -2252, -372, 16924, -65, -256, 11
2.16, -1600, -892, 15492, -19, 59, -20
2.18, -1276, -304, 14380, 65, 126, 7
2.20, -1064, 712, 13856, 76, 254, -56
2.21, -1396, 1084, 14004, 68, 392, -109
2.23, -1816, 216, 14672, 43, 523, -255
2.25, -2408, -576, 14452, 88, 589, -318
2.27, -2960, -808, 15848, 48, 540, -275
2.28, -3648, -936, 16244, -75, 509, -269
2.31, -3140, -1972, 14176, -119, 558, -344
2.32, -3180, -608, 15136, -241, 456, -526
2.34, -3756, -1076, 14148, -195, 460, -634
2.36, -3620, -1092, 12452, -26, 516, -675
2.37, -4768, -1112, 13216, 109, 479, -682
2.39, -6492, -968, 14712, 171, 441, -731
2.41, -8140, -912, 13092, 379, 442, -711
2.43, -8336, 996, 14984, 415, 134, -523
2.45, -7784, 2168, 16548, 311, -166, -269
2.46, -8564, 1140, 16036, 243, -69, -83
2.48, -8136, 1488, 17592, 220, -34, 273
2.51, -9120, 1532, 17056, 4, 113, 377
2.52, -9760, 232, 16088, -1, 62, 490
2.54, -9496, -488, 13872, 100, 11, 578
2.56, -9392, -172, 12748, 112, -98, 652
2.58, -9572, -124, 11720, 75, -223, 679
2.59, -8868, 384, 11384, 2, -290, 630
2.61, -8552, -236, 11520, -120, -343, 599
2.63, -8480, -1428, 11680, -90, -358, 586
2.65, -8760, -1724, 13296, -49, -338, 567
2.67, -8372, -996, 11728, -145, -408, 555
2.69, -8656, -768, 12060, -459, -415, 640
2.71, -8928, -2980, 12948, -546, -476, 815
2.72, -6588, -3340, 14688, -399, -338, 1053
2.74, -5776, -3044, 16116, -262, -202, 1256
2.76, -4980, -2612, 15028, -85, -214, 1300
2.78, -4772, -2640, 13360, 65, -247, 1169
2.80, -5748, -2664, 14776, 223, -389, 946
2.81, -4884, -3204, 15592, 440, -332, 792
2.83, -4588, -3528, 15584, 644, -99, 613
2.86, -5732, -2964, 18380, 536, 165, 510
2.88, -3700, -3536, 15592, 532, 59, 74
2.90, -2532, -4256, 13188, 467, 328, -92
2.92, -1976, -3464, 14740, 484, 363, -269
2.94, -1476, -1824, 15240, 68, 402, -271
2.96, -1552, -3652, 15416, 64, 589, -362
2.98, -1960, -3412, 15564, 203, 690, -483
3.00, -1592, 48, 13816, 78, 653, -605
3.02, -2072, 1920, 14236, -171, 644, -847
3.04, -5320, 3196, 17736, -232, 418, -1012
3.06, -6824, 2084, 16544, 173, 452, -1154
3.07, -8828, 1752, 15252, 482, 464, -1246
3.09, -11180, 2700, 18272, 408, 143, -992
3.11, -10920, -52, 14924, 4, 98, -517
3.13, -9068, -1464, 9616, 340, 31, 66
3.14, -6012, -756, 12512, 24, -41, 551
3.16, -4064, -832, 11160, -353, -135, 968
3.18, -5920, -1076, 9564, -574, -164, 1268
3.20, -8600, 3232, 13848, -1219, -495, 1246
3.22, -15152, -1448, 15468, -1599, -517, 934
3.24, -15008, -4248, 18252, -828, -825, 936
3.26, -10460, -2508, 19816, -767, -769, 1114
3.28, -9020, -3276, 22536, 145, -667, 1451
3.30, -6164, -5812, 23480, 573, -284, 1238
3.31, -2572, -8016, 18320, 968, 61, 772
3.33, -2292, -5024, 11328, 778, 46, 332
3.35, -1304, -3200, 4944, 315, 55, -40
3.37, -428, -1848, 2032, -78, -129, -3
3.39, -796, -1588, 1292, -37, 214, -485
3.41, -3964, 1524, 7636, -377, 331, -849
3.43, -3844, 384, 11744, -622, 383, -1263
3.45, -4812, 1272, 26184, -799, 280, -1308
3.46, -5072, -4084, 23700, -234, 77, -1040
3.48, -4936, -4820, 27868, 378, 139, -784
3.50, -5464, -5280, 27896, 675, 830, -690
3.52, -7508, -3892, 18596, 645, 768, -414
3.54, -7628, -3560, 9280, 446, 738, -48
3.56, -7172, -948, 6580, -126, 502, 329
3.58, -3120, 1728, 524, -473, 250, 608
3.60, -2892, 4252, 2400, -798, -37, 663
3.62, -6308, 5492, 8692, -1397, -289, 519
3.64, -9932, 5176, 21860, -1748, -377, 720
3.66, -15988, -1364, 22492, -1110, -488, 1005
3.68, -15752, -2040, 24352, -156, -1014, 1489
3.69, -15448, -1928, 26196, 606, -736, 1648
3.71, -10272, -8780, 21772, 1123, -690, 1325
3.73, -7208, -10072, 14988, 1201, -893, 737
3.75, -3340, -8748, 8660, 840, -1155, 167
3.77, 268, -5456, 3088, 341, -1038, -208
3.78, 3348, -4852, -504, 66, -779, -492
3.81, 1572, -1936, 1468, -18, -192, -725
3.83, 116, 5060, 12900, -612, 74, -974
3.84, -368, 6776, 19528, -1190, 158, -1099
3.86, -460, 3640, 22556, -1319, 285, -1219
3.88, -704, -1544, 26212, -389, 373, -1146
3.90, 1476, -2672, 29684, 639, 831, -1343
3.92, -5424, -4108, 24044, 1058, 1880, -1007
3.94, -6228, -3584, 12016, 929, 2079, -532
3.96, -8616, -4328, 6364, 680, 1719, -46
3.98, -7476, -2532, 2248, 216, 1326, 355
3.99, -7448, -524, 2140, -154, 1274, 450
4.01, -6604, 1312, 2636, -622, 274, 494
4.03, -7896, 4264, 7156, -1137, -309, 469
4.05, -10796, 9392, 19644, -1851, -644, 577
4.07, -19260, -1196, 22256, -1298, -503, 1039
4.09, -19376, -68, 22424, -216, -694, 2303
4.11, -18052, -3736, 28880, 629, -977, 2401
4.13, -8992, -12672, 23180, 1058, -752, 1746
4.14, -5520, -11020, 16368, 1295, -930, 974
4.16, -1152, -7808, 8288, 1009, -985, 280
4.18, 1336, -4516, 3636, 758, -686, -121
4.20, 3860, -3284, 204, 232, -571, -333
4.22, 2592, -2144, 1828, 95, 20, -543
4.24, -240, 3420, 12244, -412, 420, -738
4.26, -3600, 8836, 27924, -1408, 488, -939
4.28, 884, 160, 18552, -1078, 504, -898
4.29, -2656, -1176, 26936, -139, 408, -1157
4.31, 3720, 172, 22256, 896, 1355, -1453
4.33, -6352, -2432, 23048, 1004, 1494, -1220
4.35, -7384, -2664, 13812, 1010, 1893, -605
4.37, -7864, -2524, 7000, 467, 1581, -88
4.39, -6800, -756, 2108, 90, 1283, 445
4.41, -7464, 624, 3792, -415, 768, 643
4.43, -7132, 2496, 4808, -752, 107, 838
4.44, -9128, 6276, 10312, -1303, -491, 918
4.46, -14748, 10540, 24420, -2404, -577, 836
4.48, -23252, -2276, 20184, -1673, -814, 1345
4.50, -20000, -136, 22136, -289, -870, 2688
4.52, -13956, -6592, 24852, 451, -1251, 2767
4.54, -6380, -11932, 21832, 963, -963, 2226
4.56, -2524, -8916, 12976, 979, -1186, 1121
4.58, 1840, -5472, 6184, 580, -869, 418
4.59, 2644, -3748, 2252, 172, -666, -65
4.61, 2796, -2432, 212, -31, -610, -234
4.63, 4252, -2352, -944, -106, -192, -365
4.65, 2872, 1688, 6408, -395, 537, -538
4.67, -3116, 9708, 32767, -1734, 687, -750
4.69, 2172, -4580, 18324, -885, 630, -604
4.71, -7004, -2772, 32767, 467, 391, -886
4.73, -2336, -656, 22624, 1100, 1582, -1172
4.75, -10200, -4040, 19012, 1306, 1518, -557
4.78, -8936, -1436, 9312, 421, 1082, 185
4.80, -5456, 720, 1348, -23, 995, 662
4.82, -6244, 2976, 3940, -512, 496, 785
4.84, -7196, 5840, 7500, -1167, -242, 1193
4.86, -10172, 9488, 16368, -1959, -845, 1303
4.87, -14312, 8184, 20188, -2576, -422, 1305
4.89, -22912, 288, 19280, -1682, -946, 1781
4.91, -18896, -2444, 21648, -329, -700, 2771
4.93, -17072, -4424, 25256, 477, -1068, 2796
4.95, -9924, -11584, 21684, 1056, -768, 2139
4.96, -6600, -8948, 14964, 1217, -1003, 1517
4.98, -2768, -5948, 8140, 1012, -1117, 563
5.00, 120, -2900, 2300, 141, -868, 73
5.02, 1424, -2708, 476, -45, -916, -84
5.04, 2740, -3164, -504, -190, -587, -291
5.06, 3516, -516, 3036, -288, 49, -419
5.08, -3832, 4092, 25352, -1430, 438, -854
5.09, -64, 444, 24336, -1635, 255, -691
5.11, -68, -4684, 25284, -496, 376, -681
5.13, -328, -484, 28448, 810, 737, -1130
5.15, -2912, -944, 23324, 1015, 1542, -1113
5.17, -7844, -744, 13200, 1060, 1639, -349
5.19, -7668, 916, 8928, 531, 1458, 223
5.21, -6392, 2724, 2696, -197, 1101, 660
5.23, -5876, 2780, 1112, -603, 834, 974
5.24, -7184, 4288, 6576, -1002, 108, 1168
5.26, -11360, 7800, 14768, -1549, -502, 1182
5.28, -14740, 10032, 23392, -2630, -634, 1296
5.30, -22132, 1040, 19824, -1935, -999, 1737
5.32, -20120, 1432, 18100, -822, -1085, 2564
5.34, -16184, -4784, 24332, 125, -1487, 3023
5.35, -8104, -13420, 24176, 827, -1013, 2167
5.37, -5516, -11524, 16340, 1133, -1254, 1173
5.39, -400, -5592, 7308, 627, -1196, 531
5.41, 1444, -4072, 3504, 101, -1125, 156
5.43, 3628, -3852, -1048, 50, -1155, 73
5.44, 3952, -3868, 656, -28, -774, -84
5.46, 4084, 644, 4220, -14, -110, -156
5.48, -212, 7828, 27440, -1677, 377, -205
5.50, 3728, 4388, 23656, -2046, 255, 73
5.52, 3464, -948, 26880, -904, 657, -218
5.54, 8708, -1012, 27852, 292, 1399, -744
5.56, -2656, -1712, 22104, 636, 2131, -714
5.58, -8004, -1864, 14192, 787, 2216, -198
5.59, -9996, -1512, 7576, 472, 1856, 283
5.61, -10348, -1272, 4960, -180, 1177, 610
5.63, -9836, -496, 2652, -649, 770, 919
5.65, -8272, -572, 388, -868, 148, 1142
5.67, -7728, 2052, 3404, -1175, -578, 1198
5.68, -6564, 4904, 15588, -1647, -859, 1325
5.70, -16056, -332, 24956, -2039, -439, 1370
5.73, -20740, -8936, 31316, -691, -1105, 1666
5.74, -16264, -3952, 29376, 362, -517, 2465
5.76, -14772, -13008, 24972, 957, -1032, 2188
5.78, -8024, -9676, 14860, 1270, -1177, 1602
5.80, -3992, -4396, 8348, 651, -1587, 922
5.82, 1452, -2452, 4104, 121, -1240, 353
5.84, 4888, -2484, -1444, -239, -1176, 78
5.87, 4664, -848, 2480, -338, -501, -179
5.89, 3568, 6100, 12568, -924, 508, -332
5.91, -1600, 5952, 30856, -1502, 690, -567
5.92, 4256, -4008, 21296, -779, 782, -590
5.94, 548, -6032, 32767, 476, 614, -977
5.96, 1416, -1984, 23128, 911, 1992, -1116
5.98, -9404, -4408, 19648, 1031, 2151, -614
6.00, -13512, -2860, 8884, 595, 1725, 24
6.02, -12648, -1872, 5608, 6, 903, 496
6.04, -9092, 136, 1460, -481, 477, 749
6.06, -7544, 660, 1444, -617, -122, 926
6.07, -7668, 3592, 5376, -1122, -699, 837
6.09, -9116, 7436, 17732, -1762, -1150, 912
6.11, -12888, 1700, 21620, -1739, -613, 1143
6.13, -18920, -3640, 28344, -825, -1151, 1902
6.15, -15472, -3024, 27076, 195, -1014, 3052
6.17, -10848, -11668, 23288, 519, -740, 2507
6.18, -6036, -9908, 15076, 1216, -808, 1236
6.21, -784, -6352, 8456, 826, -807, 766
6.22, -36, -5628, 3788, 454, -678, -105
6.24, 1208, -5344, -1000, 257, -803, -432
6.26, 1828, -4476, -116, 252, -407, -619
6.28, 776, 772, 5864, 14, 112, -879
6.29, -1020, 6208, 18164, -817, 440, -1155
6.31, -2068, 3216, 27588, -1112, 74, -1219
6.33, 1444, -5056, 23552, -394, 662, -1187
6.35, 1396, -1216, 29792, 1082, 1110, -1544
6.37, -3992, -1600, 22308, 1168, 2498, -1851
6.39, -11828, -3576, 16600, 1225, 2496, -1485
6.41, -13744, -2480, 8372, 959, 1915, -533
6.43, -13264, -116, 5512, 334, 1153, -168
6.45, -10316, -220, -1508, 1, 804, 216
6.47, -10320, 3808, 5064, -155, -324, 466
6.49, -10192, 9236, 12716, -926, -1408, 566
6.51, -12720, 11460, 15488, -1842, -1447, 603
6.52, -18308, 7932, 18116, -1703, -1094, 904
6.54, -20768, 2164, 16408, -1149, -1420, 1767
6.56, -16220, -6724, 25156, 126, -1355, 2212
6.58, -10448, -10908, 20720, 954, -1421, 1814
6.60, -5624, -12660, 20284, 1477, -1147, 1278
6.61, -3548, -10780, 12472, 1463, -1331, 179
6.63, 1260, -7096, 5528, 989, -1118, -381
6.65, 1960, -6392, 3028, 646, -711, -833
6.67, 2676, -4576, -40, 489, -401, -1063
6.70, -752, 4064, 14160, -338, 59, -1297
6.73, -428, 2152, 21404, -1158, 174, -1545
6.75, -956, -2080, 24256, -448, 552, -1408
6.77, -4996, -2280, 27396, 628, 545, -1299
6.78, 148, 3756, 28832, 1090, 1211, -1795
6.81, -6832, 3248, 19276, 1215, 1459, -1074
6.82, -6476, 1644, 10896, 1047, 1695, -424
6.84, -7956, 1224, 9856, 390, 1474, 96
6.86, -6320, -2276, 3996, 46, 1198, 382
6.88, -6076, -1836, 912, -105, 964, 447
6.90, -6788, 1564, 4636, -602, 40, 540
6.92, -9044, 8440, 15564, -1583, -951, 779
6.94, -13332, 12048, 21184, -2465, -936, 1124
6.96, -17584, 3836, 18548, -2292, -577, 1980
6.98, -18632, -1476, 19740, -904, -599, 2327
7.00, -17092, -6116, 26872, 333, -1200, 2486
7.02, -6880, -10832, 23120, 1036, -868, 1867
7.04, -5804, -10152, 14444, 1331, -1148, 1050
7.05, -1020, -5348, 8308, 923, -939, 310
7.07, 484, -2492, 6560, 368, -817, -42
7.09, 2548, -3324, 2352, 184, -967, -165
7.11, 4384, -2976, -1240, 155, -658, -300
7.12, 2412, -292, 4796, -195, -156, -419
7.14, -1400, 3816, 19972, -789, 32, -587
7.16, 1304, 2520, 21080, -1383, -94, -321
7.18, 1204, 184, 25476, -947, 54, -291
7.20, -184, 440, 28620, -128, -160, -736
7.21, 7644, 4876, 26196, 326, 946, -918
7.23, 260, 2396, 20220, 517, 1363, -259
7.25, -900, 1104, 13512, 339, 1701, 51
7.27, -2620, 12, 4612, -205, 1633, 737
7.29, -4084, -516, 2536, -265, 1629, 1004
7.31, -6308, 756, 3436, -868, 1065, 1241
7.33, -5776, 2040, 4692, -1227, 628, 1369
7.35, -5876, 3488, 9012, -1665, 430, 1550
7.37, -13336, 5068, 26056, -2037, 352, 1759
7.38, -23540, -7804, 26188, -1219, -153, 1997
7.41, -18824, -4096, 29644, 207, 239, 2510
7.42, -17316, -10300, 28744, 698, -617, 2483
7.44, -9344, -9972, 20724, 1045, -636, 1962
7.46, -4856, -5228, 10740, 564, -950, 1359
7.48, -1240, -2808, 4476, 239, -969, 891
7.49, 228, 88, 2212, -464, -1095, 653
7.51, 2984, -1684, -436, -768, -1100, 484
7.53, 4316, -2212, 116, -421, -515, 157
7.55, 804, 940, 13380, -520, -84, -144
7.57, -3756, 3708, 28636, -1411, -60, -305
7.59, 1524, -3756, 19592, -589, -47, -302
7.61, -996, -3128, 31872, 457, 167, -781
7.63, -1516, -800, 22516, 748, 1419, -787
7.64, -6692, -3556, 17468, 799, 1549, -124
7.66, -7304, -1256, 10620, 206, 1154, 423
7.68, -7732, 348, 4700, -403, 680, 1007
7.71, -6268, 1036, 2512, -604, 467, 1268
7.72, -6596, 3380, 6512, -1050, -150, 1346
7.74, -9064, 6864, 21084, -2090, -693, 1393
7.77, -19828, -3588, 22800, -1565, -386, 1612
7.79, -16384, -4208, 25000, -95, -706, 2322
7.82, -13068, -10552, 24852, 962, -917, 1974
7.84, -5716, -7432, 13628, 981, -1210, 915
7.87, 824, -2692, 3764, 202, -1043, 401
7.90, 2352, -1580, -576, -443, -1049, -89
7.92, 4212, -2200, 696, -313, -372, -324
7.94, 416, 2528, 12704, -583, -57, -483
7.96, -3880, 7996, 32767, -1523, 3, -738
7.98, 1576, -4180, 20168, -876, 164, -698
7.99, -3428, -2716, 32767, 137, 44, -785
8.01, 3436, -736, 24312, 602, 1845, -1242
8.03, -8244, -4924, 18236, 747, 1906, -571
8.05, -8708, -3028, 9668, 381, 1691, -100
8.07, -9140, -664, 4564, -263, 958, 324
8.09, -6144, 352, 348, -298, 731, 624
8.11, -6804, 1872, 3412, -584, 146, 705
8.13, -7980, 6436, 11244, -1171, -651, 722
8.14, -11840, 8124, 18976, -1738, -613, 607
8.17, -20476, 872, 21732, -1255, -487, 1116
8.18, -18816, -1432, 25388, 28, -609, 2166
8.20, -17836, -8400, 24824, 788, -697, 1746
8.22, -8924, -12472, 18828, 1148, -630, 699
8.24, -1976, -11036, 7276, 1044, -855, -437
8.26, 12, -7608, 2408, 636, -553, -1140
8.28, 2724, -4572, -760, 349, -293, -1248
8.29, 1604, -3408, -860, 327, -150, -1277
8.31, 2572, -452, 800, 256, 303, -1371
8.33, -3428, 7744, 17584, -381, 321, -1545
8.35, -8212, 320, 30692, -812, 140, -2080
8.37, -10656, -6856, 29928, 200, -267, -1660
8.39, -6752, -9064, 29588, 1033, 576, -1406
8.41, -11676, -5380, 26476, 1494, 1027, -1194
8.43, -8188, -4176, 14120, 1263, 1110, -753
8.44, -7392, -2264, 6764, 903, 1017, -314
8.46, -5632, 300, 1668, 339, 428, 69
8.48, -4508, 1584, 2304, 75, 310, 333
8.50, -4212, 2720, 2292, -166, -193, 448
8.52, -6352, 6288, 11224, -888, -1127, 648
8.54, -11428, 7612, 26184, -1557, -662, 810
8.56, -18596, 244, 22948, -680, -522, 1316
8.57, -13640, 1624, 23844, 289, -286, 2376
8.59, -14028, -2560, 25764, 783, -834, 2235
8.62, -2760, -7776, 14720, 1110, -721, 331
8.64, 1504, -3760, 5312, 475, -458, -416
8.66, 876, -2652, 1960, 161, -475, -814
8.68, 2112, -4420, -1404, 33, -229, -1089
8.70, 1988, -1088, 6632, -204, 551, -1340
8.72, -3576, 4072, 30492, -1141, 586, -1495
8.74, 364, -5640, 20248, -1259, 543, -1307
8.76, -6316, -4260, 28836, 429, 368, -1426
8.78, -568, 2468, 22600, 964, 1666, -1889
8.80, -9532, -352, 18900, 950, 1735, -1305
8.81, -8532, -780, 10916, 902, 1546, -489
8.84, -9104, 1892, 4444, 131, 810, 60
8.86, -4972, 2104, 1948, -210, 677, 384
8.88, -4752, 1072, -160, -456, 162, 569
8.89, -7204, 3960, 7796, -886, -259, 591
8.91, -13004, 10260, 28240, -2024, -821, 658
8.93, -19104, -1780, 23112, -1416, -285, 1123
8.95, -17464, -744, 22200, -94, -832, 2134
8.97, -13360, -5940, 22660, 847, -990, 1901
8.99, -4616, -10144, 17752, 1149, -974, 1220
9.01, -780, -6412, 10488, 862, -1077, 760
9.03, 2452, -4468, 2964, 374, -746, -146
9.04, 1560, -3172, 1392, 82, -558, -448
9.06, 2424, -2632, -820, -139, -483, -693
9.08, 4192, -2432, -1264, -173, 31, -795
9.10, -1216, 2116, 17712, -646, 218, -901
9.12, -5056, 3128, 32767, -1369, 350, -1125
9.14, -3828, -4816, 24316, 137, 80, -876
9.16, -1880, -136, 31988, 880, 718, -1392
9.17, -1176, -1112, 24024, 1046, 1716, -1211
9.19, -3964, -2760, 15572, 1073, 1894, -568
9.21, -4188, -180, 10540, 621, 1739, -94
9.22, -4960, 1668, 2644, 144, 1510, 402
9.24, -6324, 2116, 3000, -400, 1252, 592
9.26, -6728, 1352, 3452, -690, 612, 774
9.28, -8300, 5188, 9476, -1207, 249, 900
9.29, -13484, 7820, 19556, -1782, -264, 1045
9.31, -23772, 1044, 27056, -1606, -17, 1185
9.33, -22580, 852, 20164, -268, -1134, 2201
9.35, -23776, -5196, 27864, 658, -1488, 2239
9.37, -8844, -12408, 20624, 1093, -1831, 1617
9.39, -2228, -8560, 11440, 739, -1946, 834
9.41, 3128, -5800, 3476, 197, -1570, 109
9.42, 2692, -3536, 1916, -96, -1435, -166
9.44, 2804, -1648, -356, -311, -1315, -411
9.46, 5584, -2648, -2424, -389, -728, -679
9.48, 4044, 1556, 5352, -406, -198, -878
9.50, -4124, 2440, 32767, -1265, -211, -1269
9.52, -1540, -7240, 26000, -346, -335, -1094
9.54, 940, -6708, 32767, 1144, -220, -1358
9.55, 1244, -1744, 24968, 1287, 1756, -1504
9.57, -5512, -2876, 17960, 1035, 1890, -920
9.59, -4748, -1024, 8208, 591, 1692, -397
9.61, -4452, 1776, 1832, 118, 1458, 151
9.63, -5688, 2552, 2584, -369, 1223, 300
9.64, -5448, 1384, 1088, -562, 814, 475
9.67, -9272, 8832, 19456, -1524, -318, 613
9.69, -18816, 6568, 26968, -2304, 168, 631
9.71, -27020, 52, 19904, -573, -1118, 1572
9.73, -23256, -1940, 26564, 328, -656, 2220
9.74, -18460, -7212, 21124, 971, -1348, 1937
9.76, -8320, -12688, 17692, 1215, -1492, 1127
9.78, -2724, -10500, 10028, 981, -1746, 361
9.79, 2100, -6412, 2900, 541, -1423, -383
9.81, 2040, -4200, -348, 22, -1261, -754
9.83, 4012, -3080, -1116, -39, -1030, -925
9.85, 4456, -776, 1504, -121, -442, -1073
9.87, -84, 5076, 21860, -790, -248, -1164
9.89, -1372, 1484, 28120, -1447, 95, -1376
9.91, 2168, -6020, 25164, -328, 321, -1194
9.92, 1400, -1724, 32592, 897, 560, -1846
9.94, 1756, -556, 26152, 999, 2222, -1966
9.96, -7012, -2212, 20224, 1088, 2353, -1503
9.97, -7828, -2016, 8668, 804, 2283, -567
9.99, -9268, 708, 3812, 270, 1682, -102
10.01, -6944, 232, 84, -93, 1374, 117
10.03, -6816, 80, 1740, -331, 942, 152
10.05, -6448, 676, 792, -259, 445, 117
10.07, -6824, 3924, 6132, -522, -288, 174
10.08, -14232, 10980, 27844, -1734, -589, 60
10.10, -26144, 84, 27940, -1251, -916, 907
10.12, -19552, -1592, 23912, 137, -680, 2004
10.14, -16016, -9640, 25520, 956, -1062, 2037
10.16, -7988, -13616, 19108, 1341, -1273, 883
10.18, -2428, -9900, 9672, 1294, -1493, 175
10.20, 2648, -4380, 2992, 709, -839, -616
10.22, 2140, -2132, 884, 224, -791, -943
10.24, 3916, -1956, -1152, 117, -584, -1001
10.25, 3904, 708, 2608, 49, -78, -1103
10.27, 308, 7408, 17324, -730, 6, -1153
10.29, -2828, 3696, 27748, -1505, 412, -1348
10.31, 1372, -3548, 23084, -611, 578, -1386
10.33, -388, -3092, 31256, 807, 965, -1919
10.35, -2704, -1372, 23792, 1057, 2298, -1821
10.37, -8588, -4208, 16708, 1250, 2144, -901
10.39, -6968, -3480, 8376, 1003, 2008, -335
10.40, -9576, -1324, 5880, 546, 1425, 50
10.42, -6840, -1500, 868, 203, 1226, 249
10.44, -7248, -84, 1860, -80, 748, 261
10.46, -6928, 956, 1868, -236, 165, 268
10.47, -7488, 5268, 7120, -725, -553, 313
10.49, -11500, 10080, 23132, -1301, -976, 261
10.51, -20116, 1312, 27056, -1420, -258, 762
10.54, -19836, -748, 26800, -63, -991, 2206
10.56, -13228, -8180, 23068, 725, -1403, 1999
10.58, -5616, -12120, 19936, 1133, -1406, 1321
10.60, -140, -9120, 11580, 1116, -1451, 491
10.62, 3376, -6176, 4304, 811, -1078, -173
10.64, 3416, -3220, 168, 246, -935, -460
10.66, 4188, -2560, -1192, 140, -610, -568
10.67, 4600, -136, 372, 93, -250, -681
10.69, 260, 6788, 15848, -573, 494, -819
10.71, -2320, 9200, 30696, -1689, 629, -1069
10.73, 3532, -528, 16604, -1071, 1013, -1126
10.74, -2500, 1684, 30084, 74, 1085, -2000
10.76, 492, 2564, 23548, 513, 1970, -2450
10.78, -6700, -276, 22684, 855, 2185, -2112
10.80, -11868, -5036, 14920, 1173, 2557, -1069
10.82, -11868, -6424, 10784, 1091, 1981, -291
10.84, -13676, -5540, 9364, 745, 1263, 110
10.86, -9124, -4324, 1984, 463, 994, 295
10.87, -7932, -428, 628, 85, 478, 413
10.89, -7676, 2620, 4292, -332, -228, 497
10.91, -9240, 7104, 9556, -1018, -842, 455
10.93, -13212, 11628, 16976, -2021, -1014, 345
10.95, -20212, 10700, 22676, -2368, -1041, 675
10.97, -21388, 3580, 15720, -1318, -1396, 1626
10.99, -21356, 824, 25808, -542, -1899, 2249
11.00, -10112, -4460, 21572, 387, -1545, 2350
11.02, -4048, -11272, 22644, 681, -1183, 1361
11.04, -2208, -12336, 17856, 1450, -1082, 409
11.06, -824, -8888, 13564, 1537, -1005, -118
11.07, 48, -7504, 9568, 1305, -1190, -282
11.09, 3548, -5944, 2316, 1147, -1200, -340
11.11, 3900, -2456, 1036, 797, -658, -624
11.12, 2632, 2336, 6008, 364, -285, -791
11.14, 688, 4944, 12636, -294, -81, -782
11.16, 2632, 7884, 18336, -514, 35, -689
11.18, 6144, 5768, 14408, -984, 482, -846
11.20, 4448, 8980, 21580, -1002, 1347, -1519
11.22, 7312, 4372, 20804, -666, 2356, -2177
11.24, 2276, 1248, 15596, -239, 2979, -2777
11.26, -4012, -676, 15964, 143, 3159, -2980
11.27, -10796, -3268, 15428, 607, 3104, -2604
11.29, -14040, -4048, 11568, 968, 3052, -2004
11.31, -16040, -6396, 9008, 1351, 2756, -1059
11.33, -15956, -7588, 7868, 1586, 2377, -570
11.35, -17804, -4664, 12816, 1459, 1466, -125
11.37, -19532, -552, 12556, 998, 881, -309
11.38, -16536, 2016, 11400, 775, 619, -264
11.40, -15024, 2832, 9940, 555, 388, -277
11.42, -14208, 3412, 8504, 294, 107, -352
11.44, -13448, 4004, 8520, 34, -267, -257
11.46, -11816, 4864, 7564, -317, -589, -798
11.48, -12452, 5216, 8324, -755, -850, -1046
11.49, -13784, 2528, 9812, -732, -819, -1094
11.51, -14288, 1360, 12180, -515, -950, -939
11.53, -13084, -20, 14528, -334, -806, -565
11.55, -10644, -1884, 17172, 40, -624, -276
11.57, -7556, -3468, 16024, 263, -249, -252
11.59, -5304, -4424, 14476, 741, 219, -528
11.61, -4708, -4144, 13112, 823, 475, -521
11.63, -6052, -3276, 11352, 863, 720, -976
11.65, -7112, -2524, 9892, 918, 771, -1081
11.67, -8888, -1276, 8532, 946, 747, -1180
11.69, -12028, 188, 10244, 875, 642, -1380
11.71, -12300, 1024, 11384, 663, 460, -1565
11.72, -10988, 868, 11500, 478, 331, -1635
11.74, -9852, 484, 11772, 425, 151, -1615
11.76, -9992, -336, 12900, 442, -1, -1522
11.78, -9984, -2172, 13216, 616, -37, -1314
11.80, -9884, -2684, 13012, 761, -132, -1083
11.82, -10092, -1112, 13428, 881, -275, -730
11.84, -8364, -1592, 13108, 769, -225, -596
11.86, -5468, -1856, 13988, 740, -193, -465
11.87, -7128, -2848, 17220, 569, -251, -585
11.89, -5548, -3176, 16420, 351, -89, -566
11.91, -5648, -2576, 15664, 274, 92, -406
11.93, -6616, -1680, 14516, 285, 181, -229
11.95, -6336, -2044, 11684, 365, 282, -124
11.97, -6380, -3280, 12208, 493, 340, -141
11.99, -6692, -3292, 13744, 575, 340, -162
12.00, -7504, -2932, 14924, 504, 454, -254
12.02, -9040, -3228, 14844, 313, 578, -381
12.04, -10652, -2632, 14692, 124, 565, -488
12.05, -10084, -2016, 13268, 37, 483, -498
12.08, -7424, -892, 11228, 61, 454, -485
12.09, -6868, -1608, 11524, 208, 501, -423
12.11, -6912, -1984, 11752, 375, 573, -386
12.13, -8424, -2716, 11380, 426, 632, -505
12.15, -9976, -3596, 11716, 490, 567, -686
12.17, -11316, -4260, 11564, 493, 453, -833
12.19, -12844, -4648, 11384, 532, 331, -983
12.21, -14492, -4452, 12340, 555, 183, -1135
12.23, -13852, -4308, 13512, 572, 87, -1194
12.24, -12800, -4384, 13376, 655, -30, -1192
12.26, -11396, -3612, 12372, 807, -93, -1211
12.28, -10504, -2984, 12080, 896, -75, -1264
12.30, -9676, -4312, 11492, 1094, -256, -1261
12.32, -9044, -5164, 11192, 1319, 39, -1236
12.34, -9808, -4556, 10432, 1473, 15, -1273
12.35, -11268, -4348, 9460, 1559, -17, -1304
12.37, -14892, -3156, 10404, 1573, -175, -1398
12.39, -15856, -1584, 15068, 1337, -607, -1373
12.41, -12180, -1584, 11868, 1212, -632, -1197
12.43, -10436, -704, 12984, 1108, -657, -1008
12.46, -7592, -204, 14068, 830, -632, -678
12.48, -6608, -768, 13428, 772, -464, -533
12.50, -6336, -1132, 13244, 762, -401, -487
12.52, -6216, -1336, 13104, 759, -353, -502
12.54, -6244, -784, 12916, 686, -239, -492
12.56, -7064, -1012, 13216, 616, -138, -420
12.57, -7284, -1192, 13336, 597, -111, -319
12.59, -7204, -496, 13660, 532, -12, -267
12.61, -7480, 668, 14572, 358, 12, -320
12.63, -6820, 264, 13184, 338, 2, -375
12.65, -6788, 332, 13456, 323, -13, -469
12.67, -7416, 68, 13592, 329, -38, -546
12.68, -7276, -608, 13624, 404, 11, -654
12.70, -7748, -160, 15260, 418, 30, -727
12.72, -7704, -68, 15888, 415, -52, -773
12.74, -6952, -640, 15156, 410, -91, -815
12.76, -6320, -1044, 15000, 488, -109, -853
12.77, -6012, -1516, 14592, 516, -124, -924
12.79, -5552, -1652, 14552, 540, -109, -973
12.81, -5124, -1204, 13500, 536, -106, -1019
12.83, -5080, 60, 13384, 412, -111, -1123
12.85, -3244, -1116, 12980, 305, 19, -1337
12.87, -3000, -1876, 14468, 372, 165, -1431
12.88, -3228, -1592, 15324, 417, 323, -1419
12.90, -3348, -948, 15036, 403, 532, -1429
12.92, -4516, -588, 14344, 392, 721, -1436
12.94, -5744, -728, 14264, 374, 865, -1456
12.96, -7064, -952, 14868, 373, 916, -1396
12.97, -8704, -948, 14952, 412, 901, -1193
12.99, -9380, -804, 13200, 523, 856, -948
13.01, -11080, 36, 13344, 528, 755, -795
13.03, -12348, -648, 13460, 492, 490, -684
13.05, -13076, -1984, 13804, 523, 193, -582
13.07, -13240, -2436, 12972, 538, -125, -515
13.09, -12528, -2960, 12364, 558, -359, -443
13.11, -11308, -2780, 13504, 571, -685, -311
13.12, -9480, -1380, 15068, 467, -939, -222
13.14, -8192, -2068, 13200, 413, -831, -289
13.16, -5992, -2708, 13532, 480, -580, -321
13.18, -4772, -2284, 14372, 402, -525, -390
13.20, -4980, -1460, 14360, 341, -301, -438
13.22, -6360, -1332, 15808, 342, -232, -456
13.24, -7228, -604, 13952, 349, -157, -445
13.25, -8476, 12, 13004, 277, -141, -398
13.27, -9712, 100, 11816, 245, -321, -314
13.29, -9936, -220, 12352, 295, -626, -217
13.31, -7916, -224, 11996, 262, -830, -80
13.33, -5452, -388, 11840, 221, -816, -41
13.35, -4716, -740, 13608, 235, -703, -144
13.37, -3448, -884, 15180, 184, -482, -225
13.39, -2720, -1848, 15964, 125, -82, -267
13.41, -3840, -1868, 15792, 88, 339, -303
13.43, -3732, -1596, 14944, 30, 621, -300
13.44, -4260, -1532, 14120, 5, 830, -238
13.46, -5716, -1824, 13204, 144, 844, -149
13.48, -7584, -1520, 11480, 296, 682, -136
13.50, -9992, -1664, 11012, 491, 419, -189
13.53, -14368, 36, 14348, 348, 258, -345
13.55, -12512, -748, 16472, 203, -266, -178
13.57, -9460, -1916, 15188, 361, -467, -124
13.59, -7356, -300, 17792, 222, -489, -2
13.60, -5780, -264, 17988, 184, -560, -363
13.62, -3724, -16, 17112, 252, -569, -463
13.64, -3100, 512, 16232, 283, -528, -537
13.66, -2596, 784, 15296, 349, -528, -550
13.67, -1044, 1372, 14228, 312, -443, -640
13.69, -300, 832, 14168, 240, -185, -762
13.71, -224, -20, 15572, 262, -70, -843
13.73, 608, -620, 15792, 0, 11, -923
13.75, 828, -1528, 14328, 225, 206, -1117
13.77, 40, -720, 14760, 106, 506, -1027
13.79, -1768, -360, 13376, -4, 675, -1412
13.81, -3044, -1808, 12636, 177, 910, -1373
13.83, -5740, -2188, 14652, 313, 848, -1331
13.85, -8892, -1540, 14228, 322, 847, -1523
13.87, -10760, -2224, 12712, 604, 817, -974
13.89, -10532, -200, 15384, 649, 455, -568
13.91, -10908, 1084, 16108, 470, 202, -501
13.92, -10556, 1208, 17236, 379, 342, 15
13.94, -9928, 2036, 17340, 225, 331, 183
13.96, -10788, 1056, 15516, 45, 335, 18
13.97, -10120, 248, 13816, 101, 81, 435
14.00, -9720, 220, 12524, 90, -204, 554
14.02, -9096, 316, 11256, 44, -361, 585
14.03, -9596, 176, 11136, -28, -496, 530
14.05, -9424, -880, 12568, -18, -534, 409
14.07, -8840, -992, 12992, 12, -568, 260
14.09, -8088, -1160, 11612, 23, -581, 192
14.11, -8108, 0, 12148, -207, -554, 167
14.12, -7744, -536, 12708, -422, -489, 286
14.14, -6288, -768, 11636, -375, -406, 547
14.16, -5844, -524, 12188, -261, -359, 820
14.18, -5804, -576, 13112, -137, -226, 973
14.20, -6372, -396, 14544, 15, -352, 869
14.22, -5544, -2576, 13528, 343, -308, 605
14.24, -6788, -732, 17352, 426, -79, 110
14.25, -7772, -336, 21364, 274, -248, -159
14.27, -6328, -1596, 18904, 364, -310, -358
14.29, -2972, 64, 17028, 286, -217, -452
14.31, -988, -628, 16604, 299, -130, -496
14.33, -188, 456, 16644, 289, 107, -496
14.35, 1424, 828, 15108, 230, 433, -608
14.38, -1016, 644, 14944, 281, 665, -856
14.40, -1552, 392, 14552, 262, 665, -968
14.42, -2704, -220, 14268, 268, 736, -1177
14.44, -5036, -1060, 14788, 261, 688, -1413
14.45, -6656, -780, 13236, 322, 592, -1576
14.47, -6776, -148, 12080, 290, 499, -1696
14.49, -5140, -4, 11604, 297, 410, -1692
14.51, -5368, 1280, 12524, 275, 406, -1593
14.53, -8492, 312, 11392, 447, 606, -1361
14.55, -10388, 588, 16300, 533, 332, -859
14.57, -12224, 712, 16952, 297, 34, -452
14.59, -12560, -204, 17324, 380, 243, 104
14.60, -12508, 324, 17300, 261, 214, 381
14.62, -12236, -960, 14552, 297, 12, 541
14.64, -10944, -308, 13396, 332, -288, 607
14.66, -10072, 540, 11160, 223, -476, 558
14.68, -10652, 308, 12068, 161, -638, 455
14.70, -10100, 152, 12428, 138, -699, 386
14.72, -9036, 304, 11908, 152, -769, 366
14.74, -8224, -744, 11488, 252, -797, 421
14.75, -6140, 92, 11428, 216, -689, 554
14.77, -4392, 2244, 11260, -63, -567, 846
14.79, -3732, 2480, 9700, -458, -463, 1077
14.81, -4852, 1100, 10304, -629, -440, 1260
14.83, -5740, 480, 12764, -567, -467, 1408
14.85, -4056, -696, 13132, -290, -370, 1324
14.87, -6700, -552, 20020, -1, -88, 809
14.88, -6976, 144, 25020, -414, -323, 497
14.90, -1664, -788, 18700, -25, -318, -220
14.92, 1828, 1032, 21272, 78, -28, -555
14.94, 2792, 2180, 20324, 154, 122, -647
14.96, 6740, 3712, 16080, 192, 729, -735
14.97, 3604, 4048, 16232, 2, 1087, -800
15.00, 1768, 5160, 16828, 234, 1329, -883
15.01, -8, 5552, 14832, 107, 1475, -802
15.03, -3796, 3560, 14788, 4, 1429, -1252
15.05, -8228, 1812, 13684, 61, 1532, -1462
15.07, -11688, 2420, 11980, 71, 1049, -1449
15.09, -11408, 2448, 10328, 30, 731, -1314
15.10, -8688, 3224, 9872, -64, 488, -1184
15.12, -6536, 3236, 9292, -232, 488, -1190
15.14, -5684, 2192, 10568, -227, 487, -1171
15.16, -7812, 3116, 15228, -194, 268, -1099
15.18, -11432, 2216, 15744, -35, 261, -1122
15.20, -15452, 2316, 16280, 119, 348, -936
15.22, -17956, -324, 16180, 235, -193, -539
15.24, -16340, -2220, 14120, 343, -703, -164
15.25, -13228, -2484, 11700, 305, -1104, 93
15.27, -10048, -3036, 9776, 275, -1438, 422
15.29, -7796, 284, 8776, -188, -1886, 819
15.31, 2356, 636, 12028, -731, -1651, 1363
15.33, 6628, 6740, 17288, -1382, -780, 1199
15.35, 11468, 2712, 20040, -2030, 283, 1148
15.37, 10124, -6860, 14212, -1124, 2315, 1037
15.39, 2028, -10620, 11532, 377, 4054, 89
15.40, -12468, -7668, -3756, 962, 4686, -1124
15.42, -20488, -6896, 3948, 1518, 2760, -1502
15.45, 32768, -876, 7312, 756, 366, -1270
15.47, 32768, -17484, -1920, 1134, -5282, -38
15.49, -32732, 3936, 5492, 1249, -7490, 680
15.51, 16588, 17736, 4412, 714, -7950, 2846
15.52, 32767, 24316, 11856, 1122, -5458, 3568
15.54, 32767, -5788, 23016, -1355, -563, 2926
15.56, 32767, -25408, 15964, 836, 5533, 363
15.58, 19644, -12700, -6968, 2083, 8779, -1773
15.60, -11128, -11728, -13516, 2521, 8563, -3393
15.62, 32768, 12636, 2060, 898, 3794, -4636
15.64, 32768, -23124, 24712, -1299, -265, -1975
15.66, 32768, -5480, 9728, 1873, -6756, 313
15.67, 32768, 10060, 4144, 1113, -8136, 872
15.70, 21520, 16888, -19972, 1661, -8302, 3869
15.72, 32767, 19480, 8836, -746, -6073, 4222
15.74, 32767, 32768, 11284, -1780, -863, 2768
15.75, 30207, -32564, 13823, 811, 4043, -423
15.77, 22516, -6632, -2572, 1947, 8897, -1841
15.79, -8328, -5040, -13448, 2502, 8598, -3589
15.81, 32768, 8544, -3856, 1297, 4667, -4742
15.83, 32768, -11740, 13408, -1586, 815, -2596
15.84, 32768, -15172, 11688, 1373, -3734, 500
15.87, 32768, 12396, 5884, 823, -7475, 1097
15.88, 2820, 19040, -16568, 921, -6815, 3335
15.93, 32767, 32768, 12388, -1404, -338, 1140
15.94, 32767, 32768, 22980, 1067, 3653, -1007
15.97, 20692, -3576, 36, 1588, 8124, -1414
15.99, -17724, 4192, -3192, 1135, 6861, -2413
16.00, 32768, 8056, 5340, 153, 4537, -2588
16.02, 32768, -5668, 10828, -60, 1560, -1250
16.04, 32768, -2188, 7244, 655, -1558, 419
16.06, 32768, 2744, 11304, 267, -4592, 580
16.08, -8264, 5588, 8076, 70, -4854, 1003
16.09, 4624, 5152, 10036, -78, -4431, 1534
16.11, 13472, 488, 12568, -141, -3544, 1250
16.13, 16416, -8388, 13396, 363, -1852, 956
16.15, 11648, -4820, 16824, 312, -623, 470
16.17, 5552, -868, 17628, 116, 66, 87
16.19, 1144, 1172, 17344, -59, 304, -330
16.21, -936, 456, 16348, 105, 270, -627
16.23, -2036, 912, 14476, 268, 145, -817
16.24, -832, -756, 13892, 405, 12, -908
16.26, 2488, -1688, 15436, 333, 53, -955
16.28, 3228, -2436, 15420, 90, 465, -1018
16.32, 1884, 176, 16192, 3, 556, -781
16.33, 3196, -512, 13124, 76, 922, -527
16.35, 2916, -260, 12408, -49, 1179, -495
16.37, 1708, -1392, 14236, -198, 1528, -717
16.39, -2428, -804, 14124, 18, 1175, -690
16.41, -2804, 300, 14564, 238, 1062, -401
16.43, -3292, 2400, 18856, 120, 831, -181
16.44, -6488, 1228, 16692, 37, 1125, -115
16.47, -10472, 1380, 19712, -124, 745, -43
16.48, -11808, -160, 17480, -180, 607, -251
16.50, -11340, -380, 14960, -91, 427, 123
16.52, -10804, -52, 13388, -27, 148, 211
16.54, -9556, 340, 11628, -7, -30, 261
16.56, -9948, 1212, 12668, -102, -246, 271
16.57, -9204, 996, 12112, -192, -421, 317
16.59, -8904, -28, 13160, -254, -544, 366
16.61, -8336, -1260, 13592, -298, -634, 549
16.63, -6256, -1884, 13548, -407, -612, 714
16.65, -4372, -1816, 12396, -534, -502, 795
16.67, -3836, -308, 13148, -786, -297, 863
16.68, -3956, -1492, 13324, -700, -168, 1020
16.70, -4440, -1260, 13228, -412, -72, 1089
16.72, -5320, -772, 14784, -231, -79, 1082
16.74, -4364, -736, 15864, -91, -152, 1028
16.76, -4468, -2480, 15092, 129, -133, 887
16.78, -4808, -1120, 17856, 212, 308, 477
16.80, -4756, -852, 21340, 99, -17, 212
16.82, -3372, -1088, 17976, 249, 176, -71
16.84, -2936, -524, 18200, 163, 212, -317
16.86, -1648, -996, 15752, 254, 218, -446
16.87, -1432, 828, 15824, 224, 230, -447
16.89, -1280, 2684, 15760, 163, 218, -321
16.92, 8, 3060, 14372, 64, 310, -304
16.93, -336, 1620, 13760, 15, 487, -490
16.95, -124, 1020, 13440, 8, 532, -591
16.97, -1584, 412, 15592, -24, 544, -726
16.99, -2780, -368, 14848, -34, 655, -898
17.01, -3828, 208, 14888, -112, 591, -1093
17.03, -5024, 1628, 14764, -270, 449, -1184
17.05, -5420, 1340, 13124, -160, 306, -1076
17.07, -5208, 1368, 13832, -78, 245, -994
17.08, -5504, -200, 14100, 163, 317, -870
17.10, -5600, -696, 15248, 404, 409, -740
17.12, -4100, -8, 16344, 558, 412, -518
17.14, -5252, 2604, 17016, 412, 380, -324
17.16, -7004, 2416, 16332, 339, 560, -190
17.17, -7424, 2348, 15092, 379, 528, 54
17.19, -8996, 2128, 14384, 208, 400, 206
17.21, -8264, 556, 12648, 167, 510, 1
17.23, -7956, 548, 12992, 76, 50, 265
17.25, -7800, 672, 13428, -64, -65, 254
17.27, -7648, 120, 13632, -133, -146, 240
17.29, -7228, -152, 13632, -147, -213, 196
17.31, -6372, 268, 13004, -230, -200, 146
17.33, -6152, 628, 13764, -335, -130, 124
17.35, -6396, -376, 13932, -293, -96, 163
17.38, -5688, 140, 13544, -177, 47, 151
17.40, -6692, 188, 14080, -45, 72, 110
17.42, -6768, -32, 15220, 83, 77, 52
17.43, -7092, -172, 14920, 112, 62, 44
17.45, -7932, -580, 14648, 116, 34, 46
17.47, -8728, -728, 14768, 35, -20, 67
17.50, -8464, -1080, 15668, -180, 22, 92
17.52, -7496, -1744, 15452, -265, 42, 153
17.53, -6316, -2148, 14316, -258, 72, 236
17.55, -5864, -1680, 13356, -198, 71, 304
17.57, -5664, -1356, 12512, -89, -49, 296
17.59, -6680, -864, 11788, 84, -107, 181
17.61, -9148, 460, 14052, 83, -58, -40
17.62, -8976, 1404, 18100, -89, -256, -130
17.64, -7060, -676, 15500, -63, -324, -66
17.66, -5564, -1064, 15836, -26, -314, 49
17.68, -4692, -1660, 14932, -26, -266, 148
17.70, -3924, -1688, 13836, -52, -173, 182
17.72, -4140, -1212, 13928, -57, -105, 122
17.74, -4288, -804, 14160, -52, -58, 30
17.76, -4288, -668, 14320, -41, -12, -49
17.77, -4352, -656, 14376, -22, 16, -91
17.79, -4704, -816, 14748, -8, 36, -100
17.81, -4972, -1096, 14712, 5, 47, -92
17.83, -5588, -916, 15520, -26, 23, -88
17.85, -5684, -1036, 15816, -36, -23, -66
17.87, -5404, -1328, 15260, 2, -27, -44
17.88, -5452, -1336, 15324, 53, -21, -23
17.90, -5404, -1356, 15096, 92, -32, -20
17.92, -5100, -1408, 14868, 107, -39, -23
17.94, -4952, -1536, 14616, 96, -22, -9
17.95, -4664, -1580, 14176, 67, 21, 255
17.97, -4836, -1412, 14312, 26, 41, -16
17.99, -5064, -1428, 14776, -7, 47, -23
18.01, -5168, -1360, 14876, -15, 34, -18
18.03, -5188, -1372, 14620, -7, 47, -7
18.06, -5612, -1440, 14916, 17, 37, 0
18.08, -5296, -1460, 15000, 31, 23, -2
18.10, -5236, -1376, 14892, 47, 22, -11
18.12, -5116, -1360, 14392, 55, 32, -29
18.14, -5148, -1036, 14888, 47, 21, -36
18.16, -5192, -1148, 15232, 18, 21, -31
18.18, -5192, -1672, 15048, 43, 50, -20
18.20, -5284, -2016, 14748, 110, 36, -14
18.23, -5520, -2068, 14880, 104, 19, -12
18.25, -5312, -2208, 14224, 85, 14, -12
18.27, -5068, -1964, 14024, 59, 24, -36
18.29, -5280, -1912, 14472, 34, 11, -58
18.31, -5248, -1844, 14748, 25, 16, -67
18.32, -5164, -1748, 14824, 28, 14, -54
18.34, -5124, -1716, 14956, 43, 40, -31
18.36, -5236, -1620, 14624, 56, 33, -17
18.38, -5224, -1664, 14860, 69, 37, -1
18.40, -5260, -1504, 14856, 64, 44, -2
18.42, -5276, -1324, 14648, 53, 54, -10
18.44, -5600, -1200, 15100, 26, 41, -22
18.46, -5524, -1508, 15212, 11, 26, -10
18.47, -5432, -1556, 14884, 37, 48, -256
18.49, -5368, -1720, 14764, 49, 51, 2
18.51, -5348, -1748, 14724, 53, 38, 14
18.53, -5264, -1984, 14664, 67, 38, 16
18.55, -5340, -2164, 14664, 76, 31, 15
18.57, -5360, -2288, 14512, 67, 16, 4
18.59, -5208, -2248, 14296, 42, 22, -5
18.60, -5296, -2044, 14208, 18, 9, -30
18.62, -5596, -1728, 14492, -3, 1, -41
18.64, -5668, -1680, 15004, -17, -30, -42
18.66, -5596, -1660, 15172, -17, -47, -39
18.68, -5496, -1672, 15048, 8, -51, -44
18.70, -5540, -1744, 14848, 40, -72, -49
18.72, -5516, -2044, 14648, 57, -83, -46
18.73, -5256, -1732, 14788, 74, -85, -34
18.75, -4956, -1412, 14352, 74, -73, -24
18.77, -4884, -1192, 14988, 42, -61, -13
18.79, -4592, -1320, 15344, 23, -31, 14
18.81, -4448, -1912, 15176, 55, 15, 53
18.83, -4524, -2084, 14896, 77, 31, 84
18.85, -4688, -2200, 14816, 76, 41, 103
18.87, -4592, -2208, 14272, 40, 47, 105
18.88, -4844, -1916, 14388, 2, 46, 83
18.90, -5204, -1768, 14912, -29, 23, 71
18.92, -5172, -1680, 15072, -38, 1, 66
18.94, -5060, -1644, 14984, -20, -9, 67
18.96, -4916, -1604, 15100, -3, 1, 57
18.98, -4884, -1664, 14888, 11, -8, 43
19.00, -4968, -1484, 15040, 1, -3, 29
19.02, -5020, -1528, 15528, -5, -13, 39
19.04, -4876, -1876, 15220, 21, 1, 57
19.06, -5056, -2240, 14704, 74, 6, 55
19.08, -4800, -2216, 14892, 93, 5, 42
19.10, -4652, -2324, 14616, 79, 18, 28
19.12, -4492, -2280, 14244, 48, 32, 11
19.13, -4744, -2008, 14508, 9, 41, -11
19.15, -4944, -1844, 14892, -18, 32, -21
19.17, -4900, -1896, 14980, -13, 30, -19
19.19, -4860, -1724, 14972, -8, 31, -14
19.20, -4832, -1724, 14976, 7, 27, -12
19.22, -4696, -1784, 14720, 24, 24, -8
19.24, -4840, -1500, 15000, 19, 38, -16
19.26, -5048, -1588, 15464, 20, 34, 2
19.29, -4724, -1812, 15064, 59, 49, 19
19.30, -4792, -2056, 15012, 83, 57, 13
19.32, -4812, -2204, 14732, 98, 52, 6
19.34, -4928, -2352, 14640, 90, 38, 7
19.36, -4760, -2392, 14368, 64, 38, 5
19.38, -4664, -2268, 14124, 32, 55, -15
19.40, -4976, -2068, 14408, -8, 42, -28
19.42, -4960, -2188, 14864, -3, 34, -34
19.43, -5004, -1856, 15180, -5, 22, -37
19.45, -4900, -1940, 15032, -3, 22, -38
19.47, -4848, -2028, 15036, 19, 11, -43
19.49, -4632, -2152, 14964, 41, 9, -58
19.51, -4388, -2212, 14716, 64, 32, -78
19.53, -4316, -2032, 14780, 72, 70, -101
19.55, -4216, -1860, 15128, 75, 98, -127
19.56, -4172, -1992, 15404, 84, 132, -154
19.58, -4132, -2468, 15240, 122, 173, -160
19.60, -4352, -2696, 15032, 161, 194, -186
19.62, -4620, -2732, 15020, 169, 192, -209
19.64, -4700, -2756, 14632, 153, 181, -238
19.66, -4824, -2388, 14792, 145, 181, -287
19.68, -4880, -2340, 15132, 144, 187, -343
19.70, -4692, -2384, 15212, 189, 198, -371
19.72, -4840, -2172, 15856, 237, 188, -390
19.73, -4856, -1564, 15332, 257, 211, -410
19.75, -4724, -976, 14880, 267, 249, -452
19.77, -5196, -1136, 14868, 313, 239, -486
19.79, -5912, -528, 15132, 343, 214, -468
19.80, -6568, -872, 14292, 356, 166, -401
19.82, -6832, -1080, 14180, 384, 47, -337
19.84, -6576, -1264, 13872, 337, -37, -281
19.86, -6308, -2168, 14100, 314, -139, -199
19.88, -6200, -2856, 14860, 277, -218, -121
19.90, -5740, -3456, 14856, 275, -249, -72
19.92, -5168, -2792, 14636, 250, -197, -65
19.93, -5136, -812, 14716, 165, -151, -62
19.95, -5224, 1020, 14236, -58, -215, -81
19.97, -3716, 636, 13920, -106, -260, -93
19.99, -1812, -240, 13772, -52, -133, -104
20.00, -640, -992, 14476, 58, 43, -136
20.03, -456, -1356, 14544, 67, 326, -209
20.05, -1912, -2104, 15316, 39, 545, -265
20.07, -4144, -2676, 15892, -57, 648, -281
20.08, -6124, -2884, 15468, -142, 657, -275
20.10, -7464, -3500, 15264, -130, 565, -209
20.12, -7640, -3576, 14552, -48, 294, -116
20.15, -7468, -2560, 14908, 16, 154, -132
20.17, -7164, -2672, 14648, 144, 78, -118
20.19, -7228, -2812, 15196, 277, 13, -116
20.21, -7304, -2452, 14932, 314, -40, -144
20.23, -7056, -2168, 14596, 279, -99, -167
20.25, -6312, -2040, 13960, 229, -136, -188
20.27, -5600, -1580, 13844, 171, -141, -173
20.29, -5300, -1528, 14348, 127, -127, -154
20.30, -4928, -1704, 14576, 114, -98, -139
20.32, -4980, -1952, 14712, 128, -52, -136
20.34, -4944, -2048, 14320, 114, -14, -127
20.36, -5304, -1820, 14348, 68, 25, -118
20.38, -5380, -1760, 14980, 31, 66, -94
20.40, -5600, -2104, 14928, 10, 80, -83
20.41, -5460, -2036, 14600, 27, 90, -66
20.43, -5332, -1708, 14492, 38, 100, -68
20.45, -5424, -1404, 14744, 37, 111, -62
20.47, -5768, -1192, 15080, 26, 113, -63
20.49, -5988, -1328, 14912, 3, 83, -50
20.51, -6000, -2204, 14996, 1, 56, -21
20.53, -5676, -3056, 14268, 64, 40, 9
20.55, -5740, -2980, 14260, 71, 25, 22
20.57, -5728, -2448, 14332, 58, 18, 29
20.58, -5776, -1936, 14560, 32, 12, 35
20.60, -5752, -1956, 14548, 35, -3, 41
20.62, -5640, -2044, 14692, 43, -15, 44
20.64, -5720, -2324, 14864, 55, -15, 42
20.66, -5528, -2944, 14620, 110, -28, 66
20.68, -5352, -2932, 14512, 151, -22, 85
20.70, -5224, -2568, 14448, 175, -8, 105
20.71, -5396, -1968, 14892, 171, 6, 107
20.73, -5612, -1864, 15064, 156, 10, 115
20.75, -5648, -2176, 14644, 179, 3, 131
20.77, -5404, -2472, 14256, 220, -4, 164
20.78, -5536, -2508, 14092, 224, -12, 200
20.81, -5716, -2772, 13816, 250, -23, 255
20.83, -6376, -2824, 14024, 252, -68, 294
20.84, -6780, -3664, 14140, 267, -106, 349
20.87, -6980, -4416, 14376, 363, -154, 418
20.89, -6872, -4400, 15160, 365, -198, 501
20.90, -6552, -4928, 15924, 407, -208, 585
20.92, -6740, -4640, 16724, 430, -260, 675
20.94, -6320, -3648, 16444, 408, -322, 693
20.96, -5820, -2380, 15568, 358, -399, 618
20.98, -5000, -1052, 14664, 359, -525, 491
21.00, -3536, -360, 14976, 307, -577, 352
21.02, -1384, -1172, 12680, 330, -506, 230
21.03, -244, -2060, 13128, 319, -363, 97
21.05, 528, -3900, 13312, 235, -224, -11
21.07, 2656, -5040, 13108, 282, 67, -59
21.09, 2852, -4356, 15404, 135, 319, -164
21.10, 1792, -4308, 16888, 1, 531, -285
21.12, 972, -4604, 15816, 81, 727, -379
21.14, -592, -2880, 15588, 173, 894, -492
21.16, -1188, -2340, 14368, 158, 983, -691
21.17, -1352, -2948, 13628, 305, 1164, -946
21.20, -2272, -4140, 11272, 782, 1313, -1158
21.22, -5876, -616, 16056, 708, 968, -1143
21.24, -9096, -340, 16408, 687, 653, -719
21.26, -9828, 820, 19204, 578, 175, -263
21.28, -9024, -1328, 13768, 276, 390, 127
21.30, -10104, 2660, 18180, 356, 316, 453
21.32, -13052, 3916, 17952, -83, 124, 522
21.34, -12984, 2204, 13112, -131, -26, 726
21.36, -13012, 1504, 12676, -163, -355, 831
21.38, -14584, -244, 12944, -183, -547, 820
21.40, -13636, -664, 12816, -190, -834, 801
21.42, -11960, -1792, 12388, -177, -1054, 777
21.43, -8536, -2004, 11644, -190, -1103, 775
21.45, -5420, -1504, 10904, -310, -858, 763
21.47, -3576, -216, 11868, -477, -677, 764
21.49, -3120, 936, 11848, -427, -694, 949
21.50, -4072, 2336, 11948, -178, -790, 1334
21.53, -4204, 3296, 9016, -4, -622, 1761
21.55, -3664, 2956, 13088, -213, -304, 1614
21.56, -3004, -7008, 17192, 88, -9, 1031
21.58, -1680, -3148, 25240, 386, 459, 380
21.60, -1524, -1392, 23936, 218, 214, 94
21.62, 76, -1436, 17368, 511, 485, -148
21.64, 1912, 1168, 16932, 453, 753, -435
21.65, 528, 3740, 18360, 370, 784, -459
21.67, 1420, 2172, 14500, 410, 1016, -571
21.69, -344, 2116, 17148, 265, 1074, -937
21.71, -2040, 852, 14468, 277, 1141, -1162
21.73, -3344, -92, 13776, 416, 1138, -1312
21.75, -5196, 852, 12080, 428, 1273, -1497
21.77, -6792, 1036, 10616, 356, 823, -1636
21.78, -5300, 136, 9108, 378, 793, -1681
21.80, -3292, 244, 9056, 511, 938, -1658
21.82, -3964, 3152, 10228, 525, 1040, -1659
21.84, -6284, 4332, 10852, 454, 1090, -1733
21.86, -11988, 1380, 13960, 686, 790, -1564
21.88, -16244, -1244, 15740, 763, 491, -1174
21.90, -16844, -4100, 17792, 773, 9, -693
21.91, -15540, 5616, 30272, -192, -1056, 15
21.93, -8568, 56, 7792, 412, -391, 585
21.95, -10576, 4792, 14268, 491, -4, 877
21.97, -10564, 5180, 13364, -38, -142, 1058
21.98, -12608, 3656, 11388, -58, -298, 1149
22.00, -12532, 3336, 11844, -134, -647, 1137
22.02, -12488, 1400, 11500, -299, -953, 982
22.04, -13232, 584, 13236, -234, -1235, 604
22.08, -9632, 1472, 11776, -248, -1399, 789
22.10, -6432, 2408, 11200, -115, -1260, 1058
22.12, -5620, 4892, 12432, 103, -1162, 1503
22.13, -5496, 6044, 12300, 198, -1033, 1705
22.15, -4952, 5928, 11720, 282, -920, 1719
22.17, -4264, 4456, 11988, 309, -782, 1461
22.19, -2476, 4332, 12568, 260, -835, 1093
22.21, -464, 2564, 13496, 275, -785, 758
22.23, -1920, 3252, 15428, 342, -198, 446
22.24, -1700, 5960, 16624, 209, 316, 95
22.26, -924, 5124, 17668, 34, 136, -56
22.28, 168, 4912, 16844, 25, -60, -83
22.30, -1536, 6000, 17080, -172, -80, -12
22.33, -2340, 3640, 17044, -196, -153, 7
22.34, -2052, 1868, 16524, -107, -145, -124
22.36, -244, 916, 15924, 20, -96, -309
22.38, 1180, 632, 14952, 211, 77, -470
22.40, 2252, 1228, 15344, 333, 322, -598
22.42, 1816, 2796, 15792, 395, 258, -643
22.44, 1628, 3200, 15788, 434, 738, -585
22.45, 668, 4580, 16664, 412, 1003, -443
22.47, 2424, 3912, 15352, 214, 1259, -658
22.49, 2148, 4992, 15436, 31, 1399, -897
22.51, -76, 4456, 14876, 87, 1524, -882
22.53, -4244, 3200, 15628, 232, 1373, -894
22.55, -7944, 2700, 15992, 267, 1160, -934
22.56, -9840, 2896, 15336, 276, 925, -875
22.58, -9992, 4048, 15588, 222, 674, -703
22.60, -8664, 5460, 13600, 224, 543, -504
22.62, -8052, 5568, 13312, 249, 352, -319
22.64, -7668, 5228, 12432, 173, 310, -282
22.66, -6672, 4052, 11984, 87, 247, -369
22.67, -6188, 2780, 12532, 73, 170, -408
22.69, -6256, 1948, 14600, 88, 53, -346
22.71, -5104, 2204, 14676, 44, 69, -232
22.73, -5448, 2772, 14716, -128, 31, -199
22.75, -6520, 2836, 13464, -253, 90, -9
22.76, -7952, 2476, 13948, -244, 139, -326
22.82, -8024, 2852, 15484, -275, 145, 87
22.87, -7420, -212, 13872, -110, 191, 206
22.91, -8684, 224, 13252, -143, -15, 476
22.99, -8716, 1136, 11288, -618, -314, 754
23.05, -11036, 600, 12348, -530, -626, 845
23.08, -10516, -828, 13948, -400, -790, 929
23.11, -8260, -808, 14812, -79, -403, 715
23.21, -3556, -676, 13432, 156, -218, 661
23.26, -6016, -212, 18640, 78, 129, -182
23.31, -2972, 2080, 17508, 1, 220, -281
23.33, -2212, 2932, 16032, -60, 230, -138
23.36, -2148, 888, 14256, -104, 437, -241
23.39, -3064, 232, 15308, -172, 468, -344
23.43, -3420, -644, 13932, -174, 492, -449
23.46, -4580, 104, 14152, -465, 211, -627
23.54, -5856, -272, 14088, 225, 225, -575
23.58, -7428, 324, 16596, 260, -346, -364
23.61, -6236, 1276, 13340, 194, -121, 128
23.65, -8196, 1896, 18248, 8, -35, 394
23.68, -8404, -240, 13072, -51, -66, 878
23.74, -8224, -256, 11124, -120, -184, 1065
23.76, -9104, -256, 11804, -181, -299, 993
23.79, -9412, -1120, 11864, -320, -423, 811
23.82, -8700, 516, 12520, -660, -428, 802
23.85, -5788, -20, 14192, -782, -168, 1071
23.89, -3996, -1048, 15508, -353, -24, 1189
23.93, -3468, -2172, 15620, 211, -173, 774
23.99, -5176, -392, 18588, 92, -127, -181
24.02, -1028, -388, 15628, 92, 192, -365
24.06, -200, 264, 13808, 37, 658, -611
24.09, -936, -100, 14396, 57, 665, -694
24.12, -2332, -1420, 14796, 37, 825, -1005
24.17, -5672, -1084, 11176, 37, 766, -1293
24.22, -5400, -724, 13936, 293, 354, -965
24.28, -8144, 1116, 18160, 579, -37, -744
24.30, -10252, 1344, 18032, 439, 39, 127
24.34, -11432, 1148, 16224, 161, 96, 572
24.39, -10880, 832, 11072, 111, -693, 634
24.44, -8844, 40, 10976, -64, -657, 461
24.50, -6776, -940, 11924, -372, -493, 542
24.54, -4868, -1944, 14264, -578, -89, 842
24.56, -4496, -1508, 13704, -458, 99, 914
24.62, -6492, -3188, 13112, 314, -2, 748
24.64, -7700, -644, 17664, 299, 19, 156
24.66, -7396, -840, 18648, 3, -171, -45
24.68, -5024, 176, 18148, 279, -101, -175
24.70, -3064, -308, 17592, 156, -53, -265
24.72, -1468, -916, 15972, 262, 94, -352
24.74, -1048, 608, 15576, 277, 217, -397
24.76, -1564, 340, 14880, 192, 415, -639
24.78, -1888, -36, 14532, 222, 462, -789
24.80, -1348, 840, 16068, 142, 418, -796
24.81, -1560, -504, 14404, 130, 630, -902
24.84, -2892, -2252, 15180, 76, 618, -1021
24.86, -4668, -2060, 13792, 83, 540, -1109
24.88, -5024, -1212, 11156, 71, 471, -1271
24.90, -4744, -780, 10700, 150, 497, -1369
24.92, -5888, -920, 12808, 281, 466, -1377
24.94, -8472, 284, 14424, 425, 230, -1289
24.96, -9224, 140, 16008, 521, -11, -1027
24.98, -9420, 844, 17992, 497, -124, -604
25.00, -9572, 856, 17852, 478, 61, -256
25.03, -9284, 1712, 17604, 265, 159, 11
25.04, -10900, -484, 14228, 0, -41, 258
25.07, -10512, 368, 13580, 221, -193, 638
25.09, -10504, 556, 12536, 132, -461, 681
25.11, -10388, 568, 11872, 13, -578, 688
25.13, -9532, -280, 11796, -28, -619, 574
25.15, -8708, -560, 12976, -17, -672, 503
25.17, -7320, -568, 12736, -91, -649, 513
25.19, -5308, -556, 12256, -267, -467, 584
25.21, -3984, 828, 11844, -610, -259, 789
25.23, -4096, -684, 11764, -660, -56, 1058
25.25, -4836, -1304, 12724, -527, -24, 1200
25.27, -4752, -1036, 14400, -426, -59, 1228
25.28, -4476, -2652, 14820, -223, -155, 1072
25.31, -5596, -3704, 16180, 196, 104, 630
25.33, -6604, -1416, 21432, 140, 64, 218
25.34, -4768, -1580, 19088, 259, 97, -73
25.36, -3104, 144, 19932, 218, 100, -161
25.38, -2260, -252, 18160, 316, 96, -132
25.40, -1352, 700, 16376, 335, 126, -132
25.42, -160, 972, 14732, 275, 406, -379
25.44, -868, 240, 13880, 276, 548, -651
25.46, -876, 616, 15732, 207, 560, -686
25.48, -632, -548, 14136, 128, 665, -702
25.50, -1800, -2784, 13708, 153, 787, -891
25.52, -3900, -1964, 13916, 136, 766, -1047
25.53, -5032, -1252, 12032, 173, 703, -1198
25.55, -5124, -880, 10600, 138, 650, -1393
25.57, -4244, -612, 11080, 198, 548, -1451
25.59, -6516, 276, 13832, 227, 380, -1400
25.61, -8396, 452, 13112, 429, 332, -1182
25.63, -9364, 436, 17564, 523, 240, -734
25.65, -9800, 76, 17824, 515, 52, -372
25.67, -10488, 1304, 18700, 464, 83, 114
25.68, -10752, 2300, 17648, 236, 196, 404
25.70, -12540, 192, 16684, 189, 59, 601
25.72, -11940, 488, 13216, 250, -157, 745
25.74, -11900, 1028, 12528, 206, -385, 726
25.76, -11404, 1220, 11640, 97, -532, 699
25.78, -10876, 456, 11384, 16, -619, 537
25.80, -9344, -60, 11236, -7, -648, 405
25.82, -8872, -1268, 11892, 52, -704, 394
25.84, -7036, -1032, 11764, -44, -581, 449
25.86, -4696, -72, 11356, -3, -409, 553
25.88, -3980, 1316, 10508, -600, -207, 775
25.91, -6744, -228, 11748, -506, -313, 1223
25.93, -6852, -324, 14424, -296, -399, 1278
25.95, -6664, -1708, 15200, -61, -387, 1088
25.97, -7392, -1388, 16408, 101, -224, 658
25.99, -6132, -1124, 21920, 23, -327, 169
26.01, -3124, -2336, 18016, 323, -185, -206
26.03, -184, 600, 20364, 205, -252, -328
26.04, 388, 84, 18272, 307, 115, -272
26.06, 1264, 1436, 16792, 338, 364, -178
26.08, 972, 2072, 15400, 220, 649, -323
26.10, -456, 796, 13916, 217, 831, -561
26.12, -884, -8, 13544, 268, 887, -760
26.14, -2252, 604, 14860, 226, 798, -777
26.16, -2968, -420, 13584, 207, 830, -877
26.18, -4164, -1520, 13900, 189, 835, -1097
26.20, -6676, -856, 13660, 166, 631, -1209
26.22, -7064, -532, 12556, 190, 426, -1290
26.23, -6188, -324, 11648, 185, 319, -1417
26.25, -4716, -260, 11540, 208, 297, -1464
26.27, -5696, 36, 12940, 254, 501, -1384
26.30, -7508, 888, 15848, 418, -23, -691
26.34, -7896, 812, 19008, 455, -61, -171
26.36, -9332, 720, 18460, 454, 226, 185
26.38, -9588, 2828, 18724, 206, 0, 510
26.39, -11020, 1356, 16496, 37, 298, 645
26.41, -10784, 900, 13544, 150, 188, 798
26.43, -11248, 1940, 12316, 115, 8, 856
26.45, -11552, 1752, 11500, 24, -225, 821
26.46, -11432, 1604, 10996, -67, -380, 757
26.48, -11312, 1428, 11012, -163, -530, 653
26.50, -9868, 452, 11540, -181, -601, 512
26.52, -9164, -636, 11884, -120, -657, 449
26.54, -8168, -912, 11488, -153, -645, 467
26.56, -6332, -608, 11736, -393, -539, 543
26.58, -5512, 784, 12604, -814, -385, 750
26.60, -4712, -8, 11620, -831, -280, 1090
26.61, -5776, -604, 12828, -642, -253, 1385
26.63, -6852, -780, 14048, -518, -283, 1455
26.65, -5568, -1992, 15576, -297, -328, 1372
26.67, -5252, -3316, 14884, 13, -260, 1028
26.69, -6656, -3508, 15996, 286, 27, 589
26.70, -7244, -796, 22188, 134, -181, 507
26.73, -4548, -276, 18008, 313, -175, -72
26.75, -1380, 572, 17924, 1, -29, -187
26.77, -928, 1188, 17308, 322, 42, -171
26.78, 284, 3068, 17068, 243, 233, -125
26.81, -244, 2360, 14440, 211, 487, -316
26.83, -804, 1644, 13848, 229, 681, -559
26.85, -1460, 1616, 15040, 123, 723, -683
26.86, -2536, 1460, 15076, 90, 650, -704
26.88, -3232, -452, 13880, 54, 732, -791
26.90, -4136, -2756, 13492, 66, 736, -985
26.92, -6304, -1796, 14292, 60, 576, -1077
26.94, -6184, -620, 11340, 34, 350, -1201
26.96, -5084, -324, 11328, 90, 398, -1269
26.98, -4976, -224, 13040, 200, 344, -1229
27.00, -5908, 428, 14380, 242, 281, -1183
27.02, -7704, 352, 15188, 347, 162, -1032
27.04, -7444, 348, 15912, 508, -26, -588
27.06, -8424, 1832, 18448, 381, -244, -225
27.08, -8508, -308, 15752, 473, 234, 62
27.09, -9084, 2548, 18492, 346, 89, 423
27.11, -9296, 1720, 16884, 110, 260, 601
27.13, -10668, 652, 15096, 66, 141, 738
27.15, -10636, 1124, 12616, 105, 24, 842
27.17, -10804, 1572, 11876, 58, -175, 866
27.19, -10732, 1896, 11080, -39, -404, 783
27.21, -9928, 1844, 11212, -135, -522, 703
27.23, -9048, 1048, 11680, -221, -558, 603
27.24, -9188, 416, 13052, -200, -561, 518
27.26, -9172, -72, 12300, -183, -614, 499
27.28, -8620, 408, 12316, -297, -643, 507
27.30, -8016, 440, 12400, -613, -577, 561
27.32, -6752, -848, 13280, -702, -442, 742
27.34, -6044, -1148, 12864, -600, -389, 952
27.36, -5568, -608, 13664, -466, -367, 1100
27.38, -5412, -668, 14976, -320, -464, 1177
27.40, -4468, -1948, 14892, -9, -454, 1125
27.42, -5312, -2200, 13744, 192, -263, 842
27.43, -6452, -224, 16652, 178, 53, 419
27.45, -5424, 220, 20216, 77, -114, 169
27.47, -3656, -764, 15468, 344, -74, -39
27.50, -2360, 744, 16844, 242, -21, -178
27.51, -2660, 892, 17284, 240, 41, -263
27.53, -2684, 1428, 16520, 207, 63, -279
27.55, -2784, 1740, 15576, 203, 13, -236
27.57, -2020, 1904, 15456, 145, 65, -252
27.59, -1108, 1376, 14924, 93, 151, -282
27.60, -1272, -156, 13524, 80, 249, -410
27.63, -1744, -744, 13516, 91, 352, -584
27.65, -2028, -712, 15596, 37, 361, -604
27.66, -1460, -1360, 14812, 2, 282, -646
27.69, -436, -2648, 14908, -63, 721, -828
27.71, -1560, -1512, 15324, -109, 851, -1038
27.74, -4204, -1352, 14236, 229, 1019, -1054
27.76, -5428, -1336, 14748, 482, 917, -979
27.83, -10252, -1024, 14044, 602, 418, -1023
27.86, -8708, 664, 14048, 694, -155, -477
27.88, -9172, 3708, 16836, 364, -483, -261
27.90, -7400, -12, 11356, 452, 27, -170
27.92, -8636, 744, 15588, 408, -7, -39
27.94, -9424, 728, 16424, 241, -115, 53
27.96, -8780, 168, 14896, 199, -97, 193
27.98, -8152, -212, 14056, 170, -61, 303
28.00, -7644, -180, 12376, 104, -40, 376
28.02, -8432, -248, 12100, 49, -103, 385
28.04, -8760, 284, 11552, 2, -197, 319
28.06, -9308, 128, 12020, -83, -284, 268
28.07, -9648, -468, 13216, -64, -309, 208
28.09, -9924, -820, 13804, -61, -407, 136
28.11, -9488, -456, 12392, -205, -483, 108
28.13, -10064, -1224, 12536, -464, -453, 174
28.15, -9456, -2044, 13616, -551, -394, 357
28.16, -7920, -3036, 12756, -418, -396, 600
28.18, -5900, -2320, 12328, -292, -392, 816
28.20, -5824, -1688, 13148, -179, -387, 934
28.22, -5196, -780, 14384, -106, -407, 924
28.24, -5308, -2120, 13968, 139, -288, 634
28.26, -5852, 320, 17576, 239, 59, 243
28.28, -6828, -924, 19664, 194, -89, -191
28.31, -3504, -500, 18140, 410, 55, -487
28.35, -608, -1456, 16668, 307, 174, -519
28.36, -464, -732, 16676, 209, 233, -528
28.38, -912, -1696, 15496, 135, 413, -681
28.40, -1792, -2188, 15104, 199, 433, -812
28.42, -1616, -2036, 15372, 173, 524, -900
28.44, -2240, -2816, 13080, 198, 564, -1064
28.46, -2872, -1316, 13524, 48, 766, -1251
28.48, -4288, -664, 11920, 28, 442, -1394
28.50, -4320, -468, 10732, 122, 567, -1578
28.52, -5948, -1268, 11624, 334, 659, -1673
28.53, -7980, -664, 14208, 470, 432, -1628
28.56, -12760, -552, 17620, 614, 51, -1294
28.57, -13908, -2312, 15336, 794, -210, -1023
28.59, -10996, -3492, 15784, 934, -338, -261
28.61, -8092, -868, 18952, 805, -387, 27
28.63, -5444, 2312, 14952, 322, -118, 660
28.65, -10016, 3580, 17332, -139, -153, 687
28.66, -10572, 1524, 14184, -304, -243, 765
28.68, -11644, 896, 12256, -349, -373, 883
28.70, -10980, 372, 13528, -332, -404, 813
28.71, -9688, -236, 12724, -237, -486, 723
28.73, -7904, -436, 10860, -236, -557, 656
28.75, -6344, 980, 10012, -394, -521, 679
28.77, -4572, 3288, 10568, -744, -324, 892
28.79, -5812, 3468, 11588, -880, -314, 1124
28.81, -7348, 2040, 12468, -698, -307, 1248
28.83, -7876, 688, 13184, -449, -386, 1162
28.84, -7096, -3076, 14292, -72, -665, 897
28.86, -6672, -7920, 13584, 485, -686, 337
28.88, -6592, -5368, 21064, 648, -323, -337
28.90, 184, -5052, 20352, 496, -152, -1067
28.92, 4708, -2264, 18984, 640, 155, -1077
28.94, 4600, 600, 19920, 487, 602, -1165
28.96, 4180, 1180, 17404, 380, 1148, -1349
28.98, 2316, 616, 16732, 414, 1425, -1357
29.00, -148, 92, 13960, 564, 1575, -1452
29.02, -4000, -1188, 12036, 697, 1623, -1808
29.04, -8656, 1108, 11916, 640, 1358, -2112
29.07, -11224, 3928, 9820, 763, 700, -1995
29.10, -8056, 3376, 11688, -17, 145, -1743
29.14, -10584, -720, 11284, 341, 72, -1381
29.16, -10172, -2816, 15904, 646, -144, -857
29.17, -10204, -768, 21104, 627, -446, -504
29.19, -9708, -220, 20940, 599, -78, 198
29.21, -8176, 2480, 18556, 406, 101, 629
29.23, -10396, 1444, 16596, 139, 283, 776
29.24, -11008, 516, 15024, 119, 120, 913
29.26, -11224, 1108, 12660, 92, -106, 968
29.28, -10968, 1616, 11892, -58, -313, 974
29.30, -11296, 592, 11204, -146, -562, 927
29.31, -10640, 176, 11336, -182, -705, 786
29.33, -9672, -948, 11124, -93, -781, 658
29.35, -8912, -1192, 10224, -92, -841, 630
29.37, -6444, -372, 9820, -311, -762, 675
29.39, -5224, 388, 11540, -513, -585, 872
29.41, -4252, -572, 11156, -725, -469, 1242
29.43, -4668, -1236, 12136, -515, -340, 1445
29.44, -4812, -536, 14620, -382, -289, 1443
29.46, -2980, -1488, 14696, -240, -255, 1235
29.48, -2752, -3684, 14316, 234, 33, 794
29.50, -5472, -1936, 21980, 315, 232, 292
29.52, -3932, -2636, 20020, 347, 95, -12
29.54, -2492, -160, 18832, 300, 244, -185
29.56, -784, -968, 17700, 211, 363, -294
29.57, -4, 48, 15768, 223, 507, -288
29.59, -152, -656, 14808, 156, 514, -533
29.61, -1120, -852, 15532, 218, 862, -701
29.63, -1316, -500, 15448, 230, 912, -777
29.65, -2140, -1308, 13268, 259, 1016, -899
29.67, -3492, -2068, 12472, 262, 1051, -1149
29.69, -6212, -1372, 11900, 221, 847, -1364
29.70, -7496, -1364, 10132, 236, 659, -1617
29.74, -8244, -448, 12656, 284, 494, -1775
29.76, -9540, 1440, 12196, 263, 10, -1555
29.78, -10096, 1612, 14792, 492, -124, -1253
29.80, -10456, 828, 18532, 586, -209, -375
29.82, -12552, 1544, 20160, 480, -154, 197
29.83, -11456, 1636, 16916, 408, 115, 720
29.85, -13884, 648, 15808, 154, -20, 750
29.87, -13916, 556, 14948, 103, -265, 816
29.89, -13524, 984, 12800, 77, -457, 886
29.91, -14020, 1112, 11652, -2, -730, 860
29.93, -12208, 1436, 11180, -104, -973, 779
29.95, -10612, 892, 9936, -130, -1164, 729
29.97, -9132, 304, 9876, -121, -1200, 750
29.99, -5184, 1408, 10380, -336, -985, 850
