0.00, -2012, -1264, -3240, -184, -1122, -244
0.10, 1932, -668, 21860, -776, 876, 65
0.23, -2972, -3376, 16856, 582, 750, 362
0.31, -23364, -2516, 11388, 587, -344, -637
0.41, -7608, 1072, 4632, 217, -1390, -915
0.51, -4480, 480, 16284, -212, -497, -429
0.59, 2640, -4788, 19228, 217, 629, -153
0.66, -1408, -2912, 10116, 685, 1336, 111
0.69, 240, 344, 10564, 362, 1627, -194
0.73, -13044, -2708, 14152, -14, 1422, -822
0.76, -17540, -3632, 14960, -294, 775, -730
0.80, -16384, -4368, 14424, -12, -90, -803
0.88, -8404, -2244, 11064, 511, -286, -673
0.91, -9436, -3496, 10028, -170, -732, -282
1.02, -3452, -3808, 12872, -286, -574, 123
1.05, -2068, -1912, 15868, -396, -313, 187
1.10, -3272, -2344, 16084, -298, -215, 432
1.14, -2940, -3656, 13864, -228, -258, 657
1.21, -2196, -2408, 15276, -50, 395, 1125
1.32, -2208, -6636, 12580, -334, 987, 766
1.39, -15120, -2260, 16836, -396, -239, 461
1.45, -10040, -3440, 15792, -525, -860, 690
1.53, -4960, -7840, 7216, -292, -1317, 1360
1.59, -4052, 1152, 19120, 19, -1164, 1948
1.65, 7840, 3044, 12864, 30, 1402, 1467
1.70, -5136, 13620, 32767, -811, 1629, 1445
1.76, -19748, 16744, -708, -4422, 1004, 1118
1.80, -27000, -11768, 6496, -4951, -1687, 1381
1.85, -21824, 1736, -5200, -6789, -5009, 2101
1.88, -6388, -10724, -2232, -7349, -4977, 1207
1.92, 5012, -23532, 8216, -4371, -3566, 757
1.96, 968, -22232, 10932, -2311, -3524, 983
1.98, 7872, -19332, -6724, -2082, -3050, 943
2.00, 20256, -28320, -12948, -731, -991, 1075
2.03, 11776, -3320, 1176, -1051, 1096, 879
2.07, 5280, 6088, -8900, -165, 1481, 1295
2.11, -6912, 11684, -6776, 507, -828, 2468
2.14, -16932, -44, -3468, 277, -1661, 2495
2.16, -27064, -8796, -3280, 786, -2341, 2765
2.19, -25404, -11664, -2060, 2005, -6160, 3960
2.25, -1600, 32768, -7512, 3738, -6049, 4347
2.27, 5844, 32768, -2796, 4872, -5182, 4313
2.31, 27444, -13740, -3380, 5975, -2212, 3345
2.34, 15760, 11936, 21280, 5737, -800, 1705
2.38, -7012, 19596, 32767, -372, 1629, -677
2.42, -5932, -4144, 5776, 1450, 2639, -231
2.46, -8072, 4380, 4016, 1466, 2292, -287
2.51, -14172, 9644, 4288, 639, 1471, -272
2.54, -15612, 6720, 5856, 274, 488, -385
2.59, -14044, 5156, 9608, -208, -712, -830
2.62, -14180, 5592, 9096, -378, -1148, -884
2.66, -15280, 2444, 11832, 58, -1422, -1054
2.69, -13536, 108, 15296, 495, -1300, -1564
2.75, -5856, -1060, 11756, 994, -904, -1641
2.81, -8328, 3768, 12304, 1262, -542, -2165
2.84, -8156, 8892, 16324, 691, -463, -2625
2.90, -1880, 5540, 15504, 246, -53, -2277
3.01, -3808, -9312, 6532, 1093, 310, -2331
3.04, -1328, -7392, 4708, 1415, 673, -2312
3.08, -1248, 1012, 22956, 1287, 1776, -2458
3.15, -15984, -2892, 13884, 2480, 1300, -2036
3.19, -19476, 420, 1264, 2348, -573, -2867
3.25, -28048, 17328, 12448, 1281, -2929, -3145
3.29, -15728, 14812, 14252, 865, -3563, -3116
3.32, -5244, 17284, 19140, -150, -3635, -3500
3.35, 1552, 14768, 22984, -602, -3033, -3263
3.39, 7084, 112, 14792, -146, -582, -2480
3.42, 4616, -5616, 9192, 1196, 756, -2764
3.49, 4696, -6520, 6780, 1111, 1604, -3238
3.54, 520, -4744, 7136, 634, 2777, -2708
3.57, -1464, -6596, 5132, 842, 3038, -2133
3.61, -8968, 868, 15972, 1258, 2825, -1047
3.63, -17848, 2088, 16508, 1058, 2289, -30
3.69, -30264, 4688, 22924, 76, -2064, 557
3.74, -15068, 7784, 12700, 103, -3249, -749
3.78, -3656, 9316, 12452, -102, -3569, -1152
3.84, 9688, 5240, 12624, 192, -1248, -704
3.90, 10544, -1300, 14036, -4, 1022, -1239
3.94, 3988, 1932, 15712, -737, 1693, -1354
3.98, -3996, -1212, 10856, -147, 1581, -726
4.03, -9284, -1780, 16032, 684, 411, 679
4.11, -4008, 3816, 17756, 264, 460, 616
4.14, -6640, 3216, 14988, -93, 565, 164
4.18, -7108, 2592, 12744, -164, 366, 176
4.26, -8908, 1280, 13076, -237, 283, 234
4.29, -9812, 1076, 13504, -267, 163, 245
4.32, -10028, -824, 15588, -135, -32, 293
4.36, -8020, -792, 12776, 156, -134, 315
4.39, -8396, -364, 12740, 263, -150, 175
4.42, -10036, -208, 14768, 168, -81, 204
4.48, -10888, -48, 12960, 460, -371, 252
4.52, -8460, -736, 12796, 843, -583, 326
4.58, -10272, 1872, 12144, 167, -382, -49
4.63, -5232, 488, 12356, 131, -728, 160
4.67, 188, 2708, 15436, 21, 55, 363
4.73, -3732, 4628, 16640, -68, 313, -218
4.79, -6440, 3340, 14856, -266, -136, -384
4.90, -1116, 2900, 15404, -104, 271, 182
4.96, -5380, 3572, 16148, -283, 231, 764
4.99, -5200, 1500, 15684, -358, -118, 388
5.05, -2292, -176, 14408, -166, 6, 184
5.08, 40, 1168, 15392, -50, 779, 499
5.14, -2784, 84, 12116, -128, 1140, 159
5.19, -8672, 4144, 15908, -218, 579, 509
5.26, -10264, 2608, 14356, -251, 148, 400
5.29, -9404, 36, 11768, -133, -174, 44
5.35, -10292, -596, 12764, 29, -92, -194
5.38, -12476, -1388, 14376, -89, -92, -364
5.42, -9748, 884, 13972, 41, 35, -532
5.45, -8748, 852, 12316, 40, 38, -504
5.50, -11716, 988, 16372, 309, -530, -19
5.55, -5176, -360, 12152, 147, -608, -77
5.61, -592, 1300, 17400, -109, -142, 485
5.68, -4704, 864, 17156, 87, 111, 671
5.73, -3392, -2392, 13508, 329, 279, 792
5.78, -1988, 1188, 15732, 130, 164, 950
5.80, -1064, 984, 15496, -142, 799, 738
5.86, -6856, 2240, 15096, -262, 674, 705
5.89, -7344, 1600, 13656, -4, 263, 786
5.96, -2740, 2832, 15348, -241, 172, 647
6.02, -4148, 744, 20176, -1310, 869, 319
6.06, -14516, -3752, 21204, -2158, 846, -754
6.11, -9480, -11328, 6560, -1703, -196, -221
6.16, -4556, -15752, 5460, -602, -937, 329
6.20, -10180, -6972, 19540, 1603, -1538, 617
6.26, -3492, -5876, 8948, 2115, -341, 372
6.32, -1460, 16696, 23804, 299, 2338, -625
6.36, -10584, 6080, 16928, 314, 2523, -477
6.39, -18000, 5204, 6556, -367, 298, -1522
6.45, -20380, -3428, 5524, -1137, -1590, -1029
6.49, -7944, -5964, 7032, -1559, -3241, -1028
6.54, 5592, -9608, 9764, -551, -2710, -690
6.58, 10772, -5752, 13504, 1074, 544, -1493
6.62, 7716, -3436, 22480, 646, 2646, -1270
6.68, -2100, -5560, 13116, 332, 673, -159
6.82, -17380, 2840, 11092, -939, -1603, -430
6.87, -12244, -3852, 7664, -948, -2322, -312
6.89, -6592, -1856, 2632, -929, -2889, -94
6.93, 1772, -11800, 4524, 465, -2900, -124
6.97, 4736, -2688, 18840, 830, -281, -702
7.02, 11268, -5412, 21020, 731, 2026, -536
7.05, -260, -1988, 8704, 518, 2863, -20
7.10, -8452, 3132, 11184, 808, 2583, -116
7.16, -25400, -1060, 15832, 179, 141, -111
7.23, -11536, -1616, 10040, 153, -670, -1117
7.27, -8628, -1732, 11356, 414, -224, -961
7.31, -10380, -2052, 9428, 441, -528, -937
7.39, 468, 256, 16300, -686, -794, -67
7.45, 1532, -1820, 17772, -530, -162, 75
7.49, 1252, -3772, 15152, -273, 232, 57
7.52, -824, -3724, 14840, -189, 685, 134
7.56, -612, -4284, 12300, -26, 1329, 171
7.59, -2140, -5336, 10696, 177, 1538, -239
7.62, -10128, -6900, 12188, 258, 1381, -730
7.66, -14876, -3444, 17812, 198, 1028, -811
7.68, -13704, -3276, 18692, 279, 478, -1050
7.71, -11220, -6168, 14440, 692, 510, -1256
7.76, -12260, -2736, 10620, 899, 362, -1414
7.79, -14344, -652, 7052, 730, -143, -1336
7.83, -19076, 2156, 12164, 362, -1496, -957
7.90, 2696, -3776, 20108, -238, 282, -1679
7.98, 4664, -10928, 6432, 1666, 2817, -2197
8.02, -7628, -1232, 18648, 1751, 2580, -1829
8.08, -29812, -2888, 16768, 1330, -176, -1511
8.12, -17952, 9860, 10740, 1720, -1842, -1699
8.18, -9176, 8616, 20120, 964, -2128, -2483
8.23, 18348, 5216, 13212, -518, 618, -5084
8.30, 5812, -13372, 13632, 1071, 3108, -7293
8.37, -10584, -11456, -4020, 2764, 3973, -6650
8.41, -18924, -6540, -5212, 2641, 2998, -3213
8.46, -31940, -3348, -948, 3301, 540, -2725
8.49, 32768, 9600, 8500, 2736, -2810, -2593
8.52, 32768, -10892, 14256, 2110, -3754, -1677
8.56, -4564, 13568, 7176, 943, -6697, 21
8.59, 27320, 11780, 2796, 986, -5054, -722
8.62, 32767, -3196, -3044, 1471, -61, -223
8.67, 26608, 10288, 26676, 54, 3004, 1122
8.72, -5412, -15300, 22520, 639, 2258, -1340
8.77, -18360, -24584, -4508, 1273, -598, -695
8.91, -2776, -8576, 7516, -668, 3304, 938
8.96, -23916, -18396, 9304, -6542, -659, -1794
9.01, -3656, 32768, 8592, 4729, -260, -202
9.05, 21256, 7260, 15348, 4901, -1847, 559
9.10, -236, 24316, 32516, 14, 525, 2
9.16, -19156, -12928, -5700, -6343, -681, -1990
9.22, 4396, 32768, 10764, -3716, 249, -360
9.27, 6612, -4976, -17264, 5029, 2718, 552
9.32, -20896, 32767, 32767, 2119, -3211, -797
9.35, -7236, 32767, 23460, 2539, 494, 3360
9.38, 32768, 23312, 22500, -5087, 2019, -464
9.41, 32768, 32768, -2812, -573, -51, -5236
9.45, 12724, -28108, 1540, -372, -1320, -894
9.48, 21180, 7656, 1788, -80, -162, 3324
9.51, -29416, 24024, 32767, 3260, -1477, 2305
9.54, 3276, 32767, 32767, 4901, 5, 5512
9.58, -22608, -26112, -13844, -3781, 1685, -29
9.61, 32768, -17428, 7788, -1091, 649, -1087
9.64, -5752, -8512, 19420, -6695, -447, -3797
9.67, -8088, 32768, 26712, -4034, -1476, 121
9.70, 10300, -31128, -4012, 4064, -210, 1764
9.74, 13800, 4540, 32, 7941, -1221, 1040
9.77, 18236, 32767, 24980, 4341, 4085, 3277
9.81, 32768, 26620, 2888, -2891, 171, -844
9.84, -17560, -32668, 12068, 184, 825, -3347
9.86, -20732, -4796, 20516, -4610, -39, -3950
9.89, -18004, 32768, 22816, -6141, -1114, -2799
9.94, 2648, -18052, -24868, 5616, -1211, 2423
9.99, 2580, 32767, 5724, 6975, -7286, 1807
10.04, 4068, 12364, 13148, -2056, -878, -1508
10.14, 68, 32768, 4836, -1778, -611, -929
10.20, 8028, 8156, 25343, 516, 848, 1192
10.28, 23988, 32767, 17508, -1243, 8074, 354
10.31, -17688, 1196, -1720, -4779, 3161, 773
10.37, 32768, -30596, -2140, 3101, -186, 2483
10.40, 32768, 12828, 32600, 4384, -4971, 1070
10.46, 8832, 32767, 6076, -5401, -4058, 516
10.51, 28752, -5432, 11144, -2010, 1694, 1007
10.57, -2292, 2308, 32767, 1424, 774, 1587
10.65, -6640, 23744, 5684, -401, -374, 2444
10.68, 14335, 17836, -10540, 752, -1387, 3746
10.71, 2912, 18880, 5728, 251, -1745, 4396
10.75, 6324, -7632, 3632, -190, -1088, 2290
10.78, 11488, -4500, 4664, 562, 719, 222
10.82, 7412, 2144, -2480, 65, 1139, 742
10.85, 300, 800, -1472, 364, 948, 1169
10.88, -1152, 1132, 5604, 460, 955, 1122
10.91, -15068, 12372, 32767, 1311, 890, 1422
10.94, -13216, 17652, 32767, 53, 278, 1869
10.97, -720, -7364, 32767, -456, 490, 2357
11.00, 4448, 492, 20368, -988, 904, 2181
11.03, -132, 6192, 13296, -1769, 1574, 1629
11.06, -7776, 5748, 8676, -1911, 1302, 1377
11.10, -6672, -2172, 4004, -1401, 1027, 1721
11.13, -8920, -4184, 7508, -511, 473, 2089
11.15, -10368, -4948, 8260, -194, 287, 2461
11.18, -13536, -5456, 9876, -167, -494, 2679
11.21, -15180, -8932, 9108, -94, -1645, 2803
11.24, -6448, -8152, 13552, 653, -1981, 2265
11.27, 6184, -3396, 18032, 682, -1894, 2258
11.30, 13592, 4584, 18536, 274, -770, 2353
11.34, 6708, 10784, 20804, -179, 1006, 2378
11.37, -3964, 11860, 15644, -744, 1841, 2408
11.40, -12992, 12992, 14648, -1343, 2037, 2572
11.44, -16560, 8716, 19448, -1723, 1450, 2152
11.47, -11296, -996, 17776, -1533, 810, 1380
11.50, -9940, -6148, 14116, -1020, 495, 824
11.53, -4596, -5084, 5700, -852, 102, 452
11.57, -1024, -5936, 2348, -839, 95, 424
11.60, -3280, -6588, 6144, -574, 388, 164
11.63, -10092, -2500, 21732, -245, -78, -190
11.66, -10320, 840, 20172, 36, -630, 216
11.69, -5516, 3068, 21780, 544, -550, 893
11.71, -1320, 1124, 11352, -849, -246, 1901
11.77, -604, 1160, 5852, -1289, 335, 1914
11.82, -15192, -7184, 23228, -1096, 238, 2196
11.87, -9296, -4404, 24160, 512, 472, 1208
11.93, -3200, 388, 2700, -808, 15, -584
12.02, -5368, -4464, 28280, 260, -828, -1038
12.07, -2136, -2800, 14396, 49, 669, 337
12.12, -4332, 2132, 5548, -1456, -147, 1269
12.18, -10764, -3700, 26864, 360, 3, 2880
12.26, -7240, -2884, 10416, 602, -352, 226
12.31, -1152, 116, -968, 17, -696, -529
12.34, 272, 20, 4676, -561, -29, -1306
12.37, -4864, -6976, 27216, -56, -135, -1441
12.45, -6132, 188, 10544, 637, 482, -3
12.49, -5392, 2728, 844, -423, 341, 523
12.55, -9820, -1412, 21628, -77, 66, 2526
12.61, -13500, -3064, 14660, 883, -974, 592
12.65, -3752, -2492, 4312, 507, -1066, -1185
12.69, 1120, -1188, 2968, -390, -533, -1663
12.75, 2960, -9708, 25092, 56, -397, -1481
12.80, 352, -2264, 13020, 1205, 1955, -1271
12.83, -6204, 1992, 4716, -215, 1679, -242
12.86, -5916, 3068, -296, -745, 785, 364
12.89, -10672, 4796, 23368, -1541, -171, 1136
12.92, -23404, -2868, 23492, 845, -482, 3324
12.96, -9856, -7308, 13180, 762, -979, 1599
13.01, 1836, -2060, 26888, -736, -353, -1433
13.12, 13860, -1924, 14988, 1300, 2379, -1073
13.17, -7048, 1264, 2060, -80, 2076, 55
13.22, -4800, 2904, 29660, -2255, -191, 860
13.27, -30976, 4792, 6804, 750, -1758, 260
13.37, 2688, -1716, -2256, 141, -1702, -1353
13.40, 3112, 1536, 11976, -523, -1055, -1122
13.46, 11804, 368, 26624, 1399, 2794, -1282
13.51, -7896, -1388, 608, -359, 1742, 206
13.56, -7200, 2376, 1364, -1027, 476, 708
13.59, -17684, 4204, 32732, -2480, -88, 519
13.61, -31704, -6704, 22204, -307, -402, 2706
13.64, -28960, -1100, 21196, 769, -1344, 661
13.71, 2044, -3596, -1856, 29, -2041, -1458
13.75, 4332, 1148, 21784, -1115, -383, -1469
13.79, 14972, -7524, 18848, -100, -33, -1157
13.84, 1820, -2400, 11344, -221, 2491, 86
13.91, -7496, 2064, -396, -883, 1227, 717
13.96, -25420, 6968, 32767, 578, -1486, 2975
14.03, -1352, -6156, 7268, 442, -1931, -500
14.07, 3288, -2744, -3132, -395, -1717, -1244
14.12, 1464, 10188, 32767, -1616, -787, -1243
14.15, 19372, 1360, 24904, 438, 937, -1583
14.19, -3012, -5156, 11780, 482, 3125, -636
14.23, -5764, -4832, -3740, -440, 1716, 305
14.28, -7836, 1512, 13736, -1155, 63, 713
14.32, -30940, -72, 32767, -611, -762, 2379
14.35, 32768, -2552, 29184, 709, -2190, 2341
14.38, -7116, -11932, 3852, 705, -2657, -768
14.44, 4764, -660, -3800, -106, -1479, -984
14.48, 4704, 4276, 32767, -1466, -1250, -997
14.52, 10460, 3992, 25768, 431, 1301, -2359
14.56, 6744, -220, 19912, 1072, 3088, -1634
14.59, -6176, -4580, 5544, 961, 3475, -767
14.62, -6472, 2316, 544, -160, 1659, 74
14.69, -25516, 7084, 16612, -1122, -1610, 2064
14.74, -32740, 1156, 18928, -332, -2519, 907
14.80, 1168, -10276, 8560, 852, -2610, -212
14.84, 3668, -3864, -1668, 396, -2587, -853
14.87, 6464, 1284, 6880, -344, -1268, -369
14.90, 9540, 9860, 22300, -1507, 10, -152
14.95, 22356, -3952, 30948, 95, 2511, -2023
14.98, -6580, -4940, 22196, 1276, 3036, -996
15.04, -11540, -420, 1476, -151, 517, 798
15.12, -14716, 5588, 21516, -1376, -461, 1799
15.20, -12628, -732, 16344, -621, -1697, 1919
15.23, -6656, -2496, 12548, 762, -1874, 573
15.27, -5364, 1760, 19512, 1279, -1542, -120
15.30, 444, -288, 17348, 1021, -1200, -9
15.36, 4116, 3420, 11692, -74, 481, -94
15.42, 6236, 5544, 14652, -631, 1038, -387
15.47, -612, 4688, 17920, -217, 1152, -270
15.50, -7972, 2356, 16248, 470, 835, -58
15.54, -7380, -1768, 12956, 1004, 226, 281
15.57, -4576, -356, 14392, 1061, -127, 462
15.61, -2464, 6268, 13504, 246, 340, -156
15.66, -2080, 3392, 10504, -424, 484, 382
15.74, -6600, -516, 17380, 207, 295, 662
15.78, -7628, 3196, 16112, 94, 185, 457
15.81, -7196, 6752, 14380, -58, 25, -214
15.86, -7408, 5908, 13648, -395, -114, -555
15.90, -6812, 1720, 13268, -427, -186, -531
15.94, -5720, 96, 13724, -359, -173, -476
15.97, -5836, 264, 15396, 135, -90, -331
16.05, -5752, 12, 14924, 216, -89, -292
16.10, -5452, -384, 15208, 378, -125, -317
16.18, -2872, 700, 14888, 22, 258, -280
16.26, -6560, 1760, 16388, 322, 159, 501
16.32, -5080, 1528, 15752, 6, -270, 641
16.35, -2976, 2388, 15392, -160, -263, 821
16.38, -1300, 1160, 14024, -222, -14, 738
16.41, -460, 1376, 13464, -167, 351, 846
16.45, -368, 2376, 16520, -454, 779, 452
16.53, -7052, 3140, 10220, -504, 535, 386
16.57, -10656, -608, 12820, -203, 247, 18
16.65, -10948, -1936, 15932, 15, -498, -275
16.68, -7300, -2128, 14596, 2, -262, -323
16.71, -6788, -1336, 14244, -55, -756, -323
16.76, -3064, -524, 9868, 40, -658, -193
16.79, -168, 628, 13648, 13, -540, 92
16.82, 2164, 824, 17064, -157, -77, 198
16.87, -2448, 68, 16268, -76, 386, 497
16.93, -3416, -2092, 14360, 94, 348, 734
16.98, -276, -2192, 13880, 159, 626, 673
17.02, -4548, -3180, 16160, 126, 297, 568
17.06, -5868, -4472, 13524, 136, 89, 576
17.09, -7940, -808, 15788, -315, 211, 38
17.12, -8916, -1496, 21204, -855, 243, -320
17.16, -8476, -4936, 19784, -1155, 179, -637
17.20, -5668, -8044, 7420, -1149, -24, -681
17.24, -2924, -9800, 7324, -417, -301, -491
17.28, -4060, -8316, 11164, 128, -54, -594
17.31, -5432, -908, 22216, -310, -18, -785
17.34, -2716, -8132, 21036, 685, 980, -176
17.38, 620, -2668, 17804, 1148, 888, 585
17.45, -8816, 9984, 13784, -72, 1056, -237
17.50, -17856, 5284, 11892, -411, -356, -282
17.54, -17524, 9440, 11520, -1483, -1689, -679
17.56, -15732, -9016, 15488, -1658, -2784, -454
17.61, -3000, -5756, 5644, -1206, -2445, 452
17.68, 5484, -2848, 16880, 1293, -576, -13
17.76, 8508, -6500, 22348, 410, 2415, -274
17.82, -5076, -3564, 7016, 938, 2300, 265
17.88, -14376, 1872, 11620, 242, 535, -72
17.92, -17924, 2152, 13148, -131, -15, -75
17.96, -13476, -2440, 13448, -346, -706, -409
18.01, -5580, -2776, 13172, 364, 449, -1064
18.10, -6700, -4288, 13804, 655, 832, -1233
18.13, -9392, -5172, 12172, 959, 697, -1099
18.16, -12088, -3960, 13428, 641, -774, -516
18.24, -4468, -1048, 15984, -467, -1336, -99
18.28, -152, -4228, 17352, -714, -694, 58
18.31, -4, -3596, 18356, -539, -303, 324
18.35, -1736, -6168, 14884, -78, -106, 313
18.39, -2124, -5872, 14232, 55, 30, 302
18.43, -1572, -6144, 12792, 378, 236, 573
18.52, -204, -3412, 11992, 453, 814, 487
18.60, -11572, -4204, 17004, 267, 638, -137
18.64, -12280, -3516, 17504, 20, 235, -389
18.67, -10028, -4444, 16588, 53, -104, -468
18.75, -8760, -2296, 11472, 462, -350, -222
18.82, -4524, -2048, 14728, -229, -603, -5
18.87, -1508, -3236, 14712, -294, -421, -109
18.92, 776, -3152, 14648, -280, -170, -81
18.95, 364, -2760, 15676, -423, 220, 18
18.97, -2164, -4304, 16964, -400, 255, 33
19.00, -3716, -5840, 15060, -92, 154, 306
19.09, -3288, -6444, 12164, 140, 8, 425
19.14, -2528, -6332, 10552, 284, 413, -241
19.21, -9892, -2804, 18496, 51, -50, 120
19.24, -8560, -1456, 15608, 444, -300, 331
19.27, -5612, 492, 10732, 368, -516, 113
19.30, -6352, 3524, 10004, -50, -1267, -20
19.34, 1588, -1940, 11844, -348, -809, 363
19.37, 1192, 1644, 21292, -8, -260, 1010
19.42, 2664, -100, 17000, -273, 399, 1232
19.47, 9960, -672, 32767, 1127, 1190, 1477
19.50, -13992, -568, 32767, -612, 1697, 839
19.54, -19272, 5692, 12876, -3352, 375, 116
19.57, -9484, -17660, 1616, -4602, 243, -666
19.60, -13576, -19276, 10332, -5153, -2094, -95
19.64, -15092, -16148, 7064, -7575, -3400, 236
19.72, -1204, 32768, 4176, -1320, -1855, 1881
19.77, -15420, -1264, 14504, -1416, -3651, 2246
19.82, -5076, -1640, -13292, 426, -4328, 490
19.86, 12796, -1284, -14072, 978, -2644, -531
19.90, 14876, 144, -12496, 747, -1427, -1085
19.93, 1292, 9744, -6112, -810, -658, -910
19.96, -6528, 6016, -7124, -1716, -580, -284
19.99, -14220, -2496, -1020, -1462, -1936, 843
20.04, -9288, -2340, -6452, -258, -4586, 1425
20.11, 2540, -5212, -5296, 1063, -3823, 848
20.19, 5864, -1932, -2240, 1346, -3133, 738
20.23, 4384, -25900, -3876, 2625, -3556, 541
20.26, 11108, 32768, 460, 11221, -468, 1826
20.30, 5544, -12308, 17960, 8104, 208, 2196
20.33, 6276, 4524, -23036, 7754, -427, 1676
20.36, 1540, 32767, 32767, 5843, 844, 244
20.40, 32768, 20976, 32767, -2116, -963, -1197
20.43, -4408, -2612, 13060, 1719, 823, -936
20.48, -4720, 7260, 13676, 732, 1225, -1436
20.53, -16216, 28644, 3844, -71, -1223, -1741
20.62, 3336, -7800, 9864, 912, -1027, -2030
20.67, 10484, -6840, 11332, 1039, 1208, -2927
20.70, 3744, -4128, 11452, 1285, 2227, -2686
20.73, -4732, -4664, 15560, 1943, 3040, -1809
20.79, -18616, 1736, 6144, 2116, 2510, -951
20.82, -25828, 4900, 2960, 1898, 325, -716
20.85, -32180, 5940, 8708, 1698, -1036, -979
20.90, -17016, 19516, 16632, -223, -3327, -3048
21.00, 2284, 10300, 19048, -623, -2364, -3107
21.03, 7580, 6028, 16660, -577, -1301, -3319
21.07, 5804, -732, 7004, 377, -198, -3342
21.10, 4172, -3948, 6664, 1258, 1161, -3366
21.13, 3688, -7232, 7740, 1558, 1817, -3100
21.17, -3548, -3608, 13532, 1578, 1862, -2672
21.20, -11248, 3236, 17116, 1507, 2706, -2665
21.23, -26220, 964, 8140, 1943, 1882, -2429
21.27, 32768, 308, 9304, 2344, -1351, -2607
21.30, -24352, 9340, 20396, 986, -3417, -2975
21.34, -6204, 13372, 21248, -577, -3622, -2578
21.37, 2736, 9564, 14508, -558, -2463, -1738
21.39, 4848, 5336, 11756, -447, -1307, -1277
21.42, 7772, -2456, 4660, 658, 19, -1336
21.48, 2720, -3832, 2320, 851, 1721, -694
21.56, -12232, 2248, 16300, -126, 536, 416
21.63, -21980, 4424, 13752, 256, -637, 95
21.65, -21412, 9572, 22352, -335, -1635, -204
21.68, -7096, 2004, 16732, -103, -1843, -827
21.73, 4960, 3620, 8988, 0, -1857, -892
21.76, 8232, 6388, 12216, -625, -1439, -677
21.80, 10160, 3904, 12964, -1020, -56, -785
21.83, 7568, 2176, 16656, -1001, 939, -1206
21.87, 540, -2768, 18744, -45, 1589, -1028
21.90, -6284, -3844, 16208, 822, 1548, -511
21.94, -11180, -756, 11564, 675, 1231, 166
21.97, -6652, -1500, 5596, 264, 669, 781
22.08, -14896, 3028, 19628, -915, -223, 1483
22.11, -13596, 628, 17904, -625, -958, 2031
22.15, -6380, 960, 13580, -92, -1207, 1546
22.20, -3244, 2688, 13200, 144, -966, 569
22.24, -1264, 1812, 15504, 85, -408, 143
22.29, 428, 552, 16160, 160, -163, 223
22.32, 68, 1160, 16996, 12, 6, 290
22.35, -1532, 2280, 16856, -53, 245, 361
22.37, -2368, 2368, 15088, -36, 265, 456
22.41, -1736, 1188, 12060, 175, 2, 411
22.44, 340, -56, 11156, 175, 348, 293
22.47, -3580, 5328, 17136, -504, 637, 296
22.50, -6624, -1380, 13704, -15, 275, 951
22.53, -4708, 2872, 16332, 278, 189, 1167
22.64, 580, 4132, 15812, -8, 598, 760
22.68, -72, 6424, 16124, -531, 1075, 303
22.73, -7532, 3444, 11624, -561, 719, 321
22.76, -8732, 1732, 12004, -400, 301, 307
22.81, -10060, -160, 14312, -659, 167, -121
22.86, -10264, -904, 13568, -516, 369, -478
22.89, -7508, -5496, 13064, 749, 521, -467
22.92, -7576, -3580, 12000, 784, 534, -181
22.96, -10524, -1920, 12824, 944, 340, -81
22.99, -13308, 4768, 15156, 485, -526, -227
23.08, -2112, 2736, 15316, -272, -566, 462
23.17, -1712, 220, 16876, -233, -155, 940
23.24, -980, -3404, 15336, 171, 134, 896
23.30, 2168, 676, 14636, -127, 738, 997
23.33, -6408, 1424, 17456, -317, 1085, 306
23.36, -10152, 1540, 13136, -437, 888, 249
23.42, -15044, -636, 12676, -75, -183, -57
23.48, -9408, -1700, 13280, -91, -342, -289
23.55, -9948, -180, 15372, -110, -594, -485
23.59, -5452, 820, 13836, -96, -666, -229
23.67, -1084, 976, 17580, -84, -108, 461
23.73, -2936, -384, 17156, 228, 28, 444
23.76, -2484, -2924, 14560, 418, 165, 304
23.80, -1332, -1404, 13828, 176, 378, 769
23.89, 552, 524, 15980, -291, 538, 851
23.93, -1668, 412, 15348, -905, 813, 593
24.00, -12132, -4172, 19992, -847, 1196, -516
24.05, -14268, -5376, 15748, -1722, 216, -1168
24.08, -9808, -10776, 7440, -1432, 65, -875
24.13, -4060, -12228, 4760, 208, -1738, 86
24.19, -8944, 3784, 25200, -17, -124, -381
24.26, 5700, -2600, 18696, 749, 1498, 99
24.29, -104, 4680, 13564, 567, 1561, 279
24.34, -8460, 7200, 14260, -113, 999, -56
24.41, -21280, -6936, 12116, -1688, -1479, -63
24.48, -6576, -11628, 9776, -1133, -1570, 187
24.52, -1396, -8764, 8800, -761, -1311, 422
24.57, -3828, -11712, 9964, -36, -816, 691
24.60, -2856, -12500, 9748, 685, -541, 922
24.64, -1096, -9680, 5588, 2376, -141, 310
24.71, -7044, 4028, 28324, 344, 1902, -548
24.75, -13336, -3276, 12948, 401, 2174, -308
24.78, -15400, 3296, 6544, 586, 413, 84
24.85, -17448, -1120, 9608, 125, -925, -369
24.91, -10280, -2332, 12792, 137, -875, -1022
24.95, -4572, -2936, 14168, 77, -269, -1423
24.99, -4696, -5308, 13984, 388, 174, -1505
25.02, -7368, -4000, 9764, 627, 372, -1170
25.04, -10880, -3152, 10232, 775, 257, -1264
25.07, -8228, -1864, 12176, 319, -73, -992
25.09, -6592, -3148, 13248, 134, -403, -396
25.12, -5392, -3484, 14260, -292, -571, -292
25.17, -4096, -972, 17492, -301, -205, 234
25.24, -2484, -3032, 15332, -169, -115, 383
25.28, -2832, -2636, 13172, -207, -505, 598
25.33, -616, -2952, 13104, 52, 93, 498
25.37, 1228, -1620, 12984, 2, 372, 208
25.44, -6628, -4764, 13420, -352, 358, -23
25.50, -13736, -5280, 16528, -347, 134, 56
25.53, -11568, -4080, 17912, -507, -641, 149
25.56, -9744, -6612, 13284, -661, -1638, 738
25.64, 2076, -4164, 20312, 188, -378, 984
25.76, -360, 2972, 8008, 412, 1037, 553
25.82, -9432, 7292, 10044, -211, 1332, 409
25.85, -14012, 2044, 10252, -840, -422, 563
25.92, -12780, -1548, 22480, -741, -1167, 383
25.96, -9732, 6592, 32767, 1711, -15, 1442
26.04, -12964, -13012, 2944, -4354, 477, -665
26.08, -22108, -11928, 6836, -4705, -2964, 162
26.13, -8524, -16364, -7060, -6847, -4036, 638
26.16, 6292, -5696, 4692, -6578, -2982, 643
26.20, -1212, -27216, 8692, -4583, -3043, 1489
26.25, -11108, -24156, -12804, -1435, -4045, 1312
26.30, 7440, -8000, -10192, 118, -2231, -205
26.36, 14136, 14808, -7904, -134, -641, -343
26.40, 5912, 10936, -572, -1430, -693, 850
26.50, -17976, -5788, -4016, 539, -4241, 1949
26.53, -10744, -7724, -8348, 641, -4894, 2201
26.58, 1500, 32768, -3788, 5603, -3975, 3485
26.65, 9708, -21524, 1724, 6705, -2669, 2514
26.70, 15676, -424, -13680, 6659, -1454, 1399
26.76, -26624, 32767, 32767, -2522, 1019, -1003
26.80, -10632, 12892, 12112, 1213, 2040, -430
26.87, -13748, 5784, 9624, 623, 1379, -878
26.93, -13972, 9228, 6148, 646, 697, -1272
26.96, -14628, 7984, 7588, 470, -34, -1377
27.00, -17988, 904, 12840, 1093, -1009, -2038
27.04, -12388, -916, 11084, 1625, -734, -2342
27.12, -16616, 14068, 16640, 11, -2120, -3404
27.17, -1680, 13452, 16516, 562, -1580, -2986
27.25, 3516, -6024, 7948, 400, -384, -3114
27.28, 996, -4296, 10848, 672, 268, -3106
27.32, 4404, -9260, 8712, 1405, 1857, -2953
27.37, 568, -3756, 15780, 2219, 3320, -1611
27.45, 32768, 11664, 9556, 2292, -65, -2151
27.49, 32768, 20756, 8704, 1331, -3709, -2476
27.53, -13976, 20128, 11504, 767, -4123, -3082
27.56, -3668, 21968, 12972, -783, -4593, -3400
27.65, 15240, -5000, 8724, -368, 527, -2721
27.69, 13024, -13908, 7736, 1015, 2605, -3101
27.75, 1424, -13564, 7536, 1516, 3579, -3001
27.77, -5536, -9632, 2196, 1401, 3072, -1461
27.84, -19200, 9092, 20088, -262, 2285, -606
27.87, -29316, 428, 12840, 607, -447, 827
27.96, -10996, 444, 16812, 13, -2239, -539
28.00, -1348, 10160, 11388, 764, -2768, -1142
28.04, 11216, 10468, 11528, 77, -2133, -1212
28.10, 12776, 6432, 16604, -443, 262, -1247
28.13, 3616, 4680, 15076, -765, 1278, -893
28.17, -3552, 3068, 14992, -387, 1378, -688
28.20, -7236, 700, 17856, 152, 984, -17
28.27, -7528, -720, 11580, 343, 726, -127
28.31, -7004, -2392, 11504, 698, -24, 230
28.43, -5212, 560, 15548, 582, -78, 516
28.49, -6008, 2060, 14016, 412, -18, 319
28.53, -8228, 1988, 12992, 303, -230, -67
28.58, -8908, 4084, 16232, 161, -395, -446
28.62, -6596, 3316, 15764, 95, -418, -310
28.65, -4720, 4416, 15044, -184, -427, -681
28.68, -3568, 4012, 14508, -320, -289, -812
28.72, -908, -348, 14252, 92, 142, -360
28.80, -3676, 88, 15984, 8, 33, -183
28.84, -3660, -168, 17400, 255, -192, 171
28.91, -4592, 1740, 17724, 24, -232, 248
28.95, -2584, -688, 14300, 159, -130, 361
29.01, -4028, 780, 13608, -151, 77, 110
29.04, -5340, -4780, 10592, 173, -378, 230
29.08, -2964, -3064, 11900, 338, -234, 345
29.12, 728, 1780, 19872, 253, 360, 465
29.18, -3492, 2304, 14040, -109, 793, 191
29.26, -7780, 760, 13756, -227, 221, 116
29.29, -7776, -412, 14332, -141, -40, 118
29.34, -6400, -672, 15092, -171, -41, 26
29.43, -5336, -172, 15104, 272, -6, -251
29.46, -5172, 960, 13692, 351, -89, -90
29.48, -4948, 3072, 15956, -156, 47, -290
29.52, -5616, -6292, 11432, 719, 72, 81
29.65, -5896, 2684, 16836, 185, 313, 119
29.75, -6540, 596, 13752, 55, -29, 53
29.79, -6064, 760, 14692, -14, -106, -95
29.83, -5248, 864, 15552, -38, -39, -112
29.89, -5044, 560, 14056, -10, -17, -69
29.93, -5244, 340, 13380, 91, -13, -71
29.98, -4696, 112, 16016, 64, 46, -37
