0.00, -7272, -7704, 11952, 47, 27, 13
0.09, -7096, -8344, 12020, 37, 34, 9
0.14, -6864, -7896, 11852, 49, 65, 3
0.16, -7400, -7968, 12100, 71, 68, -1
0.20, -7676, -7876, 11828, 68, 50, 3
0.32, -7124, -7796, 11996, 35, 28, 13
0.43, -7096, -7948, 11920, 52, 65, 11
0.49, -7364, -7764, 12004, 80, 30, 8
0.55, -7212, -7912, 12152, 59, 40, 21
0.57, -7304, -8068, 12240, 65, 40, 5
0.60, -7196, -8056, 11784, 58, 32, 7
0.62, -7096, -7940, 11992, 51, 22, 13
0.64, -7116, -7988, 11872, 31, 33, 13
0.67, -6748, -8028, 11492, 36, 52, 11
0.71, -7284, -7836, 12016, 42, 80, 14
0.73, -7440, -8044, 12084, 61, 53, 6
0.75, -7548, -7908, 12060, 71, 33, -4
0.78, -7420, -7660, 11688, 76, 32, -4
0.80, -6932, -7680, 11824, 63, 46, 6
0.82, -7336, -7732, 12328, 58, 46, 6
0.85, -7300, -8124, 12148, 58, 38, -1
0.87, -7168, -8024, 12096, 60, 30, 5
0.90, -7120, -7920, 11932, 40, 25, 11
0.93, -7032, -8324, 11804, 31, 41, 14
0.94, -6844, -8248, 11572, 35, 45, 14
0.96, -6984, -7904, 11716, 37, 63, 15
0.99, -7292, -8192, 11812, 49, 63, 18
1.01, -7564, -8124, 12112, 61, 58, 11
1.02, -7552, -8056, 12100, 70, 40, 16
1.05, -7352, -7764, 11904, 67, 25, 10
1.07, -7044, -7744, 11616, 61, 28, 15
1.09, -7140, -7872, 12168, 56, 52, 19
1.11, -7188, -7900, 12360, 55, 41, 19
1.12, -7312, -8100, 12260, 57, 41, 8
1.14, -7228, -7992, 12044, 61, 22, 16
1.16, -7168, -7864, 12252, 55, 13, 25
1.18, -7156, -8056, 11940, 31, 17, 26
1.20, -6968, -8284, 11716, 25, 29, 24
1.21, -6844, -8232, 11772, 30, 43, 16
1.23, -6856, -7964, 11768, 32, 61, 14
1.26, -7340, -7920, 12280, 46, 80, 15
1.27, -7620, -8148, 12064, 57, 64, 6
1.29, -7604, -8040, 11956, 64, 50, 253
1.32, -7412, -7672, 11912, 70, 36, 4
1.33, -7416, -7604, 11708, 66, 41, 6
1.35, -7116, -7788, 11772, 61, 39, 13
1.37, -7624, -7876, 12244, 62, 46, 14
1.39, -7192, -8044, 12244, 60, 35, 7
1.41, -7212, -8060, 11992, 59, 29, 6
1.43, -7368, -7844, 11920, 57, 23, 12
1.45, -7172, -7960, 12088, 39, 25, 18
1.47, -7192, -8144, 11868, 24, 45, 17
1.49, -6988, -8112, 11548, 25, 47, 12
1.51, -6904, -7920, 11720, 28, 50, 9
1.54, -7356, -8040, 12096, 53, 69, 14
1.56, -7588, -8028, 12100, 67, 51, 10
1.58, -7516, -7792, 12020, 66, 44, 5
1.60, -7296, -7636, 11756, 61, 41, 13
1.63, -7156, -7740, 11708, 62, 40, 15
1.65, -7400, -7916, 12148, 62, 43, 20
1.67, -7180, -8040, 12244, 59, 39, 4
1.69, -7324, -7940, 11828, 47, 33, 7
1.71, -7184, -7692, 11928, 44, 31, 13
1.73, -7180, -7992, 11840, 43, 29, 12
1.74, -7208, -8160, 11896, 30, 39, 17
1.77, -7124, -8288, 11656, 29, 43, 16
1.78, -7000, -8072, 11580, 28, 46, 14
1.80, -7092, -7892, 11804, 34, 61, 15
1.83, -7428, -7996, 11972, 53, 63, 27
1.84, -7552, -8168, 11964, 62, 51, 16
1.86, -7580, -7892, 11912, 65, 46, 14
1.88, -7392, -7732, 11792, 68, 30, 17
1.91, -7180, -7612, 11532, 56, 41, 22
1.92, -7316, -7752, 11928, 59, 46, 29
1.94, -7500, -7888, 12216, 59, 39, 25
1.96, -7348, -8080, 11972, 55, 30, 16
1.98, -7292, -7736, 11804, 48, 26, 15
2.00, -7220, -7876, 11916, 43, 27, 17
2.02, -7200, -8096, 11808, 36, 31, 22
2.04, -7224, -8316, 11524, 30, 40, 19
2.05, -7136, -8428, 11756, 28, 50, 17
2.07, -7068, -8008, 11716, 31, 52, 16
2.09, -7268, -7980, 11604, 43, 61, 18
2.11, -7448, -8044, 11820, 48, 65, 12
2.13, -7652, -7972, 12112, 54, 52, 8
2.15, -7624, -8008, 11900, 59, 44, 12
2.17, -7388, -7968, 11888, 65, 30, 17
2.18, -7372, -7892, 11924, 65, 35, 23
2.20, -7304, -7752, 11760, 61, 42, 20
2.22, -7400, -7692, 11632, 49, 48, 24
2.24, -7548, -7728, 11756, 48, 42, 22
2.25, -7448, -7944, 11972, 56, 36, 21
2.27, -7312, -7968, 12004, 58, 26, 13
2.29, -7276, -7968, 12096, 51, 27, 11
2.31, -7312, -7976, 11896, 44, 26, 15
2.33, -7272, -8080, 11896, 31, 38, 16
2.35, -7244, -8096, 11780, 29, 52, 17
2.37, -7128, -8424, 11716, 38, 59, 15
2.39, -7184, -8020, 11608, 38, 70, 9
2.41, -7476, -7868, 11964, 45, 63, 3
2.43, -7708, -7796, 11800, 46, 51, 7
2.44, -7776, -7980, 11880, 59, 28, 4
2.46, -7552, -8036, 11884, 64, 17, 3
2.48, -7412, -7696, 11552, 68, 22, 7
2.50, -7232, -7884, 11732, 70, 31, 5
2.52, -7236, -7776, 11744, 68, 45, 3
2.54, -7340, -7936, 11784, 67, 43, 7
2.55, -7404, -8024, 11824, 64, 38, 1
2.57, -7408, -7892, 11956, 59, 37, -7
2.60, -7276, -8036, 11808, 52, 38, -11
2.62, -7256, -7980, 11896, 54, 43, 0
2.63, -7280, -8052, 11920, 49, 49, 2
2.65, -7308, -8124, 11912, 49, 49, 1
2.67, -7388, -8140, 11856, 47, 47, -2
2.69, -7624, -8300, 11844, 43, 38, 5
2.70, -7284, -8276, 11628, 47, 37, 8
2.72, -7176, -7992, 11472, 40, 36, 6
2.74, -7308, -7684, 11740, 49, 47, 15
2.76, -7532, -8108, 11864, 63, 49, 6
2.78, -7916, -8112, 11900, 78, 43, -2
2.80, -7548, -7860, 11836, 80, 27, -8
2.83, -7292, -7644, 11460, 70, 27, -2
2.85, -7420, -7676, 12196, 76, 40, 7
2.87, -7540, -8028, 12200, 75, 27, 254
2.89, -7472, -8152, 11900, 71, 18, -3
2.91, -7292, -7928, 11832, 69, 19, 2
2.93, -7260, -7844, 11812, 59, 18, 6
2.95, -7204, -8048, 11908, 47, 21, 1
2.97, -7196, -8416, 11860, 46, 34, 3
2.98, -7084, -8416, 11996, 47, 39, 3
3.00, -7168, -8024, 11692, 44, 45, -4
3.02, -7348, -7784, 11552, 44, 55, 4
3.04, -7544, -7692, 11884, 56, 48, -3
3.06, -7556, -8208, 12004, 80, 41, -12
3.08, -7672, -8000, 11920, 78, 37, -7
3.10, -7356, -7792, 11744, 83, 29, -6
3.12, -7216, -7704, 11572, 80, 28, -255
3.14, -7208, -7684, 11820, 82, 31, -252
3.15, -7232, -7868, 11760, 73, 29, 0
3.17, -7400, -7992, 12124, 72, 27, 6
3.19, -7496, -8040, 12040, 71, 21, -9
3.21, -7412, -8172, 12088, 58, 15, -12
3.22, -7288, -8056, 12004, 62, 8, -7
3.24, -7260, -7944, 12004, 51, 3, 2
3.26, -7076, -8140, 11772, 37, 18, 8
3.28, -6984, -8288, 11704, 44, 27, 8
3.30, -6904, -7988, 11656, 41, 44, 4
3.32, -7096, -7832, 11936, 45, 61, 6
3.34, -7372, -7996, 11968, 52, 61, 8
3.36, -7600, -8208, 12116, 68, 40, -2
3.37, -7544, -8052, 12244, 77, 37, -5
3.39, -7492, -7808, 11976, 81, 29, 2
3.41, -7240, -7720, 11828, 81, 24, -2
3.43, -7172, -7716, 11648, 74, 32, 254
3.45, -7304, -7836, 11936, 71, 35, 4
3.47, -7660, -7684, 12200, 72, 19, 2
3.49, -7272, -8116, 11968, 68, 13, -12
3.50, -7116, -8144, 11904, 69, 15, -12
3.52, -7056, -7948, 11904, 62, 13, -3
3.54, -7024, -8024, 11892, 48, 24, -3
3.56, -7020, -8156, 11780, 43, 36, 7
3.57, -7024, -8164, 11780, 38, 51, 9
3.60, -7028, -7932, 11748, 43, 59, 5
3.62, -7256, -7808, 11924, 44, 66, 14
3.64, -7512, -8032, 11952, 60, 62, 10
3.66, -7584, -8092, 11976, 73, 42, 6
3.67, -7400, -8008, 11988, 74, 33, 8
3.69, -7236, -7752, 11668, 75, 25, 10
3.71, -7092, -7664, 11724, 67, 23, 8
3.73, -7236, -7848, 11956, 78, 34, 16
3.75, -7664, -7820, 12312, 65, 21, 12
3.77, -7448, -8048, 12168, 65, 7, 3
3.79, -7240, -8032, 12088, 62, 3, -6
3.81, -7112, -7924, 11812, 62, 10, 4
3.83, -6904, -8040, 12008, 48, 21, 6
3.85, -6908, -8260, 11968, 35, 41, 5
3.87, -6844, -8204, 11764, 40, 59, 5
3.88, -6788, -8172, 11828, 37, 69, 2
3.91, -7264, -7904, 11904, 47, 70, 3
3.93, -7416, -8076, 12072, 72, 63, 254
3.95, -7496, -7688, 12160, 78, 49, -1
3.97, -7388, -7832, 11952, 81, 39, -8
3.99, -7236, -7620, 11636, 77, 31, -3
4.00, -7244, -7456, 11712, 67, 37, 3
4.02, -7276, -7788, 12120, 73, 35, 10
4.04, -7400, -8008, 12344, 73, 16, -256
4.06, -7280, -8048, 11976, 71, 20, -10
4.08, -7136, -7888, 11936, 63, 16, 255
4.10, -7116, -7800, 12008, 54, 23, 1
4.11, -7056, -8028, 11892, 52, 40, 2
4.13, -6956, -8292, 11880, 45, 49, 2
4.15, -6936, -8240, 11804, 40, 61, 4
4.17, -6928, -8132, 11820, 42, 61, 3
4.19, -7100, -7840, 11872, 40, 69, 8
4.21, -7356, -7976, 11964, 51, 70, 5
4.22, -7496, -7932, 12144, 70, 61, 5
4.24, -7584, -7972, 12056, 77, 49, 9
4.26, -7424, -7816, 11904, 80, 32, 3
4.28, -7160, -7652, 11664, 77, 23, 5
4.30, -7008, -7904, 11656, 70, 35, 6
4.32, -7352, -7780, 12232, 67, 33, 10
4.34, -7388, -7936, 12244, 66, 23, 4
4.36, -7152, -8084, 11968, 67, 23, -4
4.37, -7120, -7884, 11784, 57, 20, -9
4.39, -7016, -7776, 12012, 50, 25, -5
4.41, -7040, -7900, 12276, 48, 34, -6
4.43, -7108, -8228, 11952, 37, 44, -1
4.45, -6996, -8376, 11704, 37, 63, 1
4.47, -6664, -8136, 11728, 38, 60, 0
4.48, -6940, -7928, 11572, 42, 67, 1
4.50, -7144, -7856, 11744, 61, 76, 0
4.52, -7524, -8024, 12108, 71, 69, -4
4.54, -7600, -7960, 12004, 81, 49, -2
4.56, -7520, -7940, 12092, 84, 31, -4
4.57, -7288, -7680, 11704, 73, 22, -6
4.59, -7160, -7516, 11780, 66, 30, 3
4.61, -7388, -7656, 12404, 69, 33, 1
4.63, -7172, -8052, 12116, 69, 23, -5
4.65, -7136, -7996, 12044, 65, 19, -4
4.67, -7052, -7828, 12000, 63, 21, 9
4.69, -7052, -7836, 11980, 46, 19, 12
4.71, -7156, -7968, 11984, 33, 31, 9
4.74, -6728, -8260, 11712, 38, 60, 5
4.76, -7056, -7912, 11756, 41, 73, 4
4.78, -7328, -7864, 11820, 50, 82, -1
4.80, -7640, -8048, 12056, 73, 59, 0
4.82, -7664, -7936, 11980, 77, 41, -1
4.84, -7492, -7816, 11924, 81, 26, 255
4.85, -7176, -7644, 11660, 81, 15, 0
4.87, -7068, -7616, 11672, 73, 16, 2
4.89, -7192, -7760, 12152, 67, 29, 11
4.91, -7328, -7908, 12280, 65, 23, 6
4.93, -6940, -8092, 12060, 72, 19, -10
4.95, -7084, -8176, 12232, 60, 16, -253
4.97, -7000, -7892, 12036, 54, 26, 7
4.99, -6916, -8056, 12012, 43, 41, 3
5.00, -7008, -8288, 11976, 40, 50, 8
5.02, -7012, -8244, 11848, 32, 58, 7
5.04, -7128, -8064, 11720, 33, 61, 3
5.06, -7012, -7836, 11800, 44, 68, 6
5.07, -7272, -7912, 12028, 56, 68, 9
5.09, -7612, -8076, 12064, 70, 54, 5
5.11, -7556, -7932, 11940, 78, 39, 1
5.13, -7320, -7756, 11888, 75, 21, -2
5.15, -7136, -7672, 11616, 71, 27, -1
5.17, -7240, -7712, 12084, 68, 26, 10
5.18, -7312, -7840, 12380, 72, 23, 3
5.20, -7160, -8116, 12116, 69, 15, -7
5.22, -7032, -7996, 11784, 65, 19, -8
5.24, -6984, -7848, 12152, 60, 22, 3
5.26, -7100, -7980, 12212, 53, 35, 4
5.27, -7128, -8020, 12064, 44, 44, 2
5.29, -7088, -7960, 11880, 29, 52, 5
5.31, -6816, -8096, 11600, 33, 54, 8
5.33, -6860, -7936, 11868, 34, 60, 9
5.35, -7060, -7940, 11908, 46, 68, 12
5.37, -7348, -8092, 12092, 65, 60, 12
5.39, -7664, -8176, 12108, 76, 57, 7
5.40, -7544, -7808, 11944, 82, 37, 6
5.42, -7192, -7648, 11456, 83, 19, -4
5.44, -7160, -7548, 11780, 78, 26, 3
5.46, -7520, -7728, 12464, 73, 14, -2
5.48, -7312, -8096, 12068, 72, 12, -10
5.50, -6996, -7964, 11812, 67, 16, -4
5.52, -6904, -7848, 12092, 64, 19, 5
5.53, -6868, -7980, 11932, 47, 35, 4
5.55, -7092, -8276, 11900, 32, 51, 4
5.57, -7108, -8340, 11724, 30, 61, -1
5.59, -6828, -8056, 11532, 29, 64, -256
5.61, -7012, -7816, 11844, 32, 72, 2
5.63, -7276, -8000, 12216, 51, 76, 5
5.65, -7584, -8064, 12128, 68, 60, 6
5.66, -7572, -7968, 12148, 76, 46, 11
5.68, -7476, -7868, 11984, 74, 30, 2
5.70, -7316, -7680, 11820, 74, 24, 9
5.72, -7072, -7612, 11640, 72, 25, 15
5.74, -7124, -7728, 11916, 64, 23, 14
5.76, -7352, -7924, 12312, 65, 21, 10
5.78, -7240, -8060, 12236, 63, 17, -8
5.81, -7104, -7948, 12032, 58, 15, -5
5.83, -6992, -8000, 11784, 40, 23, 7
5.84, -7000, -8296, 11848, 32, 43, 15
5.86, -6776, -8156, 11612, 26, 58, 8
5.88, -6828, -7916, 11712, 37, 81, 12
5.90, -7196, -7900, 12248, 51, 91, 11
5.92, -7612, -7952, 12200, 66, 77, 7
5.94, -7600, -7968, 12136, 79, 46, 4
5.96, -7476, -7840, 11952, 87, 20, 1
5.98, -7208, -7512, 11828, 84, 21, -4
6.00, -7240, -7564, 11856, 64, 23, -2
6.02, -7232, -7712, 12044, 66, 22, 2
6.04, -7148, -7992, 12140, 68, 15, -1
6.05, -7000, -8060, 12100, 62, 18, -14
6.07, -6868, -7952, 12108, 64, 21, -11
6.09, -6976, -8020, 11776, 46, 32, 0
6.11, -6956, -8108, 12008, 40, 49, 0
6.13, -6852, -8172, 11912, 28, 60, -254
6.15, -6772, -8076, 11848, 38, 72, 2
6.16, -6680, -7804, 11836, 41, 83, 4
6.18, -7316, -7872, 12136, 48, 79, 1
6.20, -7556, -8016, 11852, 62, 61, 3
6.22, -7604, -7872, 12096, 73, 48, 5
6.24, -7452, -7812, 11944, 73, 30, 5
6.25, -7340, -7744, 11820, 69, 24, 12
6.27, -7172, -7588, 11948, 64, 24, 13
6.29, -7108, -7780, 11988, 61, 22, 24
6.31, -7260, -7924, 12288, 65, 10, 16
6.33, -7124, -8000, 12036, 61, 11, 7
6.34, -7032, -7992, 11868, 51, 21, 2
6.37, -7028, -7692, 11820, 48, 25, 9
6.38, -7048, -8060, 12176, 39, 34, 12
6.40, -7100, -8252, 12052, 30, 52, 20
6.42, -6900, -8228, 11660, 28, 52, 14
6.44, -6840, -7896, 11664, 31, 59, 13
6.45, -7024, -7856, 11668, 44, 77, 20
6.47, -7308, -7836, 11824, 66, 78, 21
6.49, -7648, -7948, 12076, 70, 54, 6
6.51, -7712, -7924, 12220, 75, 29, 7
6.53, -7316, -7932, 11972, 77, 8, 18
6.55, -7112, -7688, 11976, 62, 15, 15
6.57, -7156, -7668, 11868, 48, 22, 22
6.59, -6836, -7880, 11888, 50, 28, 29
6.61, -6928, -7988, 11856, 47, 37, 24
6.63, -7092, -8020, 11972, 46, 36, 17
6.66, -7088, -8168, 11984, 48, 39, 15
6.68, -7056, -8068, 11860, 60, 53, 2
6.70, -7076, -7888, 11992, 59, 63, -9
6.72, -7200, -7760, 12092, 66, 62, -20
6.73, -7292, -7800, 12160, 55, 62, -11
6.75, -7396, -7848, 12152, 53, 42, -5
6.77, -7272, -8052, 12004, 61, 36, 8
6.79, -7152, -8016, 11988, 55, 22, 12
6.80, -6992, -7872, 11812, 54, 33, 12
6.83, -7020, -7716, 11904, 67, 42, 11
6.84, -7136, -7692, 11808, 72, 41, 5
6.86, -7188, -7744, 11860, 69, 42, -3
6.88, -7156, -7736, 12024, 58, 38, -9
6.90, -7636, -7988, 12168, 67, 42, -6
6.92, -7292, -7956, 12296, 58, 29, -10
6.94, -7120, -7924, 12200, 54, 31, -8
6.96, -7016, -7728, 11564, 47, 46, -6
6.98, -7028, -7600, 11788, 38, 51, -4
7.00, -7064, -7796, 11856, 55, 59, -4
7.01, -7112, -8072, 11972, 58, 50, -2
7.03, -7228, -7948, 11788, 58, 49, -7
7.05, -7404, -8260, 12108, 56, 46, -11
7.07, -7112, -8236, 12092, 50, 42, -2
7.09, -7236, -8140, 12060, 43, 43, 10
7.10, -7136, -8096, 11948, 38, 40, 23
7.12, -6924, -7880, 11524, 38, 34, 27
7.14, -7112, -7724, 11812, 40, 39, 36
7.16, -7348, -7920, 12008, 48, 37, 47
7.18, -7352, -8040, 11828, 51, 25, 44
7.20, -7264, -8032, 11816, 58, 20, 39
7.22, -7180, -7900, 12004, 52, 25, 31
7.23, -7076, -7828, 11840, 51, 31, 32
7.25, -7048, -7704, 11840, 47, 40, 28
7.27, -7120, -7772, 11828, 40, 42, 21
7.28, -7248, -7904, 12004, 40, 44, 22
7.30, -7256, -7936, 12020, 45, 45, 15
7.32, -7224, -7920, 12120, 41, 41, 10
7.34, -7252, -7968, 12268, 40, 43, 12
7.36, -7168, -7952, 11848, 50, 44, 6
7.38, -7180, -8096, 11876, 43, 37, 7
7.40, -7400, -8292, 11860, 44, 35, 10
7.42, -7112, -8044, 11712, 41, 42, 5
7.43, -7172, -7856, 11920, 34, 43, 5
7.45, -7368, -7760, 11936, 42, 42, 14
7.47, -7644, -7968, 11956, 62, 33, 19
7.49, -7348, -7968, 12280, 67, 21, 13
7.50, -7224, -7856, 11948, 73, 23, 5
7.52, -7180, -7696, 11668, 70, 26, 0
7.54, -7064, -7712, 11812, 64, 40, 7
7.55, -7388, -7428, 12540, 65, 43, 4
7.57, -7324, -7920, 12164, 64, 32, -4
7.59, -7140, -8068, 12092, 74, 21, -9
7.61, -7084, -8044, 11976, 66, 22, -4
7.63, -7060, -7900, 11912, 61, 38, 2
7.65, -7056, -8056, 11940, 53, 39, -9
7.67, -7104, -8224, 12004, 51, 38, -5
7.69, -7060, -8208, 11852, 44, 43, -1
7.70, -6928, -8216, 11764, 46, 41, 0
7.73, -7116, -7808, 11860, 44, 42, 8
7.75, -7268, -7948, 12064, 61, 41, 16
7.77, -7384, -8076, 12076, 67, 29, 6
7.79, -7360, -7972, 12060, 71, 22, 8
7.81, -7248, -7752, 11924, 70, 28, 2
7.83, -6928, -7696, 11648, 58, 29, -3
7.85, -7120, -7636, 12076, 55, 38, 10
7.87, -7648, -7936, 12432, 61, 30, 10
7.88, -7332, -8060, 12160, 66, 23, 1
7.90, -7104, -7900, 12072, 63, 18, 4
7.92, -7076, -7716, 12032, 53, 16, 14
7.94, -7052, -7900, 12076, 44, 21, 16
7.96, -7044, -8248, 12036, 34, 29, 16
7.98, -7168, -8372, 11668, 35, 38, 12
8.00, -6848, -8064, 11788, 36, 38, 11
8.02, -6896, -7796, 11780, 50, 50, 12
8.03, -7196, -7808, 12076, 63, 63, 16
8.05, -7368, -7996, 12156, 67, 53, 5
8.07, -7388, -8024, 12156, 83, 38, 2
8.09, -7352, -7780, 11792, 82, 24, -3
8.11, -7172, -7544, 11680, 55, 25, -6
8.12, -7216, -7652, 12036, 61, 33, 1
8.15, -7264, -7884, 12432, 65, 24, -5
8.16, -6964, -8092, 12152, 69, 28, -10
8.18, -6932, -7920, 12052, 71, 28, -11
8.20, -6992, -7764, 12000, 59, 33, 2
8.22, -6992, -7844, 12040, 50, 35, 9
8.24, -7164, -8256, 12020, 43, 34, 10
8.26, -6968, -8480, 11828, 42, 40, 9
8.27, -6716, -8132, 11756, 44, 48, 8
8.30, -6896, -7900, 11944, 42, 56, 6
8.31, -7236, -7856, 12088, 56, 62, 12
8.33, -7484, -7968, 12156, 69, 46, 11
8.35, -7532, -7932, 12152, 74, 34, 2
8.36, -7348, -7848, 12072, 77, 25, -1
8.38, -7120, -7616, 11520, 69, 20, 255
8.40, -6672, -7720, 11692, 60, 23, 4
8.42, -7400, -7720, 12300, 64, 33, 13
8.44, -7236, -7856, 12384, 60, 34, 7
8.45, -7132, -8112, 12200, 59, 31, -3
8.47, -7036, -7952, 11832, 63, 30, 1
8.49, -7024, -7832, 11992, 58, 28, 5
8.51, -7052, -7920, 11936, 50, 33, 7
8.53, -6976, -8248, 12012, 45, 33, 7
8.54, -6988, -8276, 11948, 42, 42, 5
8.56, -6876, -7920, 11964, 42, 45, 13
8.60, -7124, -7924, 12072, 48, 52, 15
8.62, -7380, -7912, 12188, 62, 51, 19
8.64, -7384, -7960, 12036, 69, 34, 11
8.66, -7284, -7808, 12040, 64, 32, 10
8.67, -7060, -7728, 11868, 66, 27, 255
8.69, -6924, -7768, 11724, 50, 31, 4
8.71, -7244, -7720, 12412, 59, 41, 10
8.73, -7248, -7976, 12264, 61, 32, 0
8.75, -7184, -8036, 12236, 62, 31, -9
8.77, -7052, -7968, 11920, 63, 30, -3
8.78, -7004, -7788, 12056, 63, 26, 10
8.80, -7040, -7896, 12060, 46, 27, 13
8.82, -7108, -8184, 12192, 47, 38, 9
8.84, -7052, -8228, 11848, 40, 40, 8
8.86, -6792, -8072, 11652, 41, 48, 11
8.88, -6832, -7884, 11976, 45, 58, 16
8.90, -7124, -7924, 12008, 58, 69, 15
8.92, -7412, -8188, 12104, 68, 55, 9
8.93, -7516, -7932, 12172, 70, 42, 3
8.95, -7276, -7796, 12224, 75, 34, 1
8.97, -6972, -7924, 11808, 68, 30, -6
8.99, -6956, -7616, 11780, 57, 41, 4
9.00, -7260, -7748, 12348, 65, 49, 10
9.03, -7304, -7924, 12264, 61, 33, 3
9.04, -7184, -8100, 12168, 66, 27, -256
9.07, -7096, -7700, 11944, 61, 19, 13
9.08, -7012, -8004, 11880, 44, 21, 18
9.10, -6932, -8208, 11808, 39, 34, 13
9.12, -6816, -8084, 11796, 34, 43, 12
9.14, -6820, -7896, 11900, 36, 67, 9
9.16, -6928, -7848, 12048, 43, 66, 0
9.17, -7320, -7900, 12216, 55, 57, -254
9.19, -7492, -7900, 12124, 62, 37, 6
9.21, -7420, -7684, 12060, 64, 30, 8
9.23, -7140, -7852, 12124, 58, 26, 12
9.25, -7096, -7824, 11976, 59, 29, 15
9.27, -7044, -7852, 11928, 60, 33, 15
9.28, -7012, -7984, 11972, 67, 35, 15
9.30, -7152, -7972, 11972, 60, 33, 7
9.32, -7148, -7936, 11972, 63, 33, 3
9.33, -7140, -7904, 12148, 60, 34, -2
9.35, -7012, -8072, 11988, 50, 38, -256
9.37, -6948, -8132, 11964, 51, 38, -2
9.39, -6928, -8024, 12044, 55, 48, 2
9.41, -7024, -7972, 12004, 63, 52, 9
9.42, -7180, -7908, 11996, 58, 52, 4
9.44, -7408, -7840, 12028, 64, 49, 255
9.46, -7172, -7812, 11784, 73, 35, 1
9.48, -7228, -7900, 12268, 75, 24, 9
9.50, -7188, -7796, 12132, 65, 25, 2
9.51, -7204, -7792, 12236, 59, 24, 2
9.53, -6996, -7836, 11808, 55, 30, 4
9.55, -7204, -7904, 12144, 65, 31, -1
9.57, -7072, -8008, 12212, 66, 38, -12
9.59, -7036, -8168, 12080, 73, 41, -19
9.60, -7220, -7736, 12068, 70, 37, -4
9.62, -7196, -7600, 12060, 59, 19, -6
9.65, -7060, -8036, 12168, 60, 17, -1
9.67, -6904, -8240, 12048, 52, 30, 1
9.68, -6772, -8316, 11916, 54, 38, 2
9.70, -6776, -8008, 11912, 49, 54, -3
9.72, -6908, -7796, 12004, 60, 66, 0
9.74, -7156, -7860, 12000, 76, 67, -6
9.76, -7400, -7936, 12076, 85, 43, -14
9.78, -7324, -7896, 11984, 89, 40, -28
9.80, -7024, -7792, 11628, 76, 32, -32
9.81, -7012, -7916, 11940, 79, 43, -29
9.83, -7160, -7912, 12380, 79, 57, -31
9.85, -7120, -7884, 12036, 82, 39, -34
9.87, -7064, -7868, 12168, 79, 33, -32
9.89, -6936, -7660, 12048, 70, 26, -16
9.90, -6952, -7792, 12100, 63, 30, -1
9.93, -7064, -8168, 12088, 48, 33, 6
9.94, -6884, -8528, 11792, 40, 33, 7
9.96, -6620, -8184, 11676, 44, 41, 1
9.98, -6784, -7820, 11908, 50, 57, 13
10.00, -7104, -7716, 12040, 58, 55, 18
10.02, -7440, -7844, 12144, 79, 34, 6
10.04, -7328, -7872, 12072, 88, 15, 2
10.06, -7080, -7808, 11860, 72, 6, -9
10.08, -6828, -7800, 11904, 70, 12, -6
10.10, -7000, -7712, 12308, 72, 31, -8
10.11, -7040, -7992, 12472, 71, 27, -18
10.13, -6900, -8104, 12160, 78, 30, -21
10.15, -6824, -7784, 12164, 75, 37, -13
10.17, -6856, -7656, 12112, 70, 29, 255
10.19, -7020, -7868, 12052, 55, 25, -1
10.20, -6664, -8240, 11928, 44, 29, 6
10.22, -6708, -8112, 11840, 51, 36, -2
10.25, -6684, -7772, 12116, 58, 53, -1
10.26, -6964, -7832, 12124, 68, 63, -2
10.28, -7200, -7968, 12208, 86, 58, -11
10.30, -7332, -7884, 12328, 93, 42, -19
10.31, -7272, -7692, 12160, 84, 27, -29
10.33, -6968, -7620, 11884, 76, 31, -39
10.35, -6804, -7464, 11928, 64, 45, -37
10.37, -7004, -7644, 12316, 68, 46, -35
10.38, -6984, -8012, 12500, 79, 51, -37
10.40, -6920, -8132, 12260, 88, 56, -31
10.42, -6984, -7840, 12080, 89, 43, -9
10.44, -7040, -7644, 12204, 75, 33, -3
10.46, -7080, -7888, 12220, 53, 23, 11
10.48, -6804, -8348, 11892, 62, 21, 9
10.50, -6540, -8036, 11912, 58, 39, 12
10.52, -6796, -7820, 11796, 71, 64, 16
10.54, -7048, -7924, 11928, 79, 71, 11
10.56, -7408, -8060, 12332, 97, 49, 1
10.58, -7340, -8064, 12168, 109, 32, -9
10.60, -7376, -7832, 11836, 115, 18, -14
10.62, -6756, -7620, 11660, 88, 18, -23
10.63, -6976, -7608, 12148, 86, 17, -19
10.65, -7056, -7840, 12560, 84, 14, -25
10.67, -7128, -7936, 12340, 92, 16, -39
10.69, -6960, -7676, 12500, 96, 12, -38
10.71, -6856, -7368, 12200, 86, 17, -22
10.73, -6404, -7596, 12252, 83, 23, -23
10.75, -6716, -7884, 12168, 83, 23, -19
10.76, -6732, -8144, 12092, 82, 34, -23
10.78, -6860, -8108, 11912, 86, 44, -23
10.80, -6596, -7800, 12204, 92, 52, -28
10.82, -6744, -7812, 12196, 102, 77, -36
10.84, -6980, -7808, 12472, 120, 73, -39
10.86, -7148, -7736, 12400, 130, 64, -43
10.88, -7080, -7600, 12196, 139, 50, -50
10.90, -6892, -7476, 11828, 124, 42, -65
10.92, -6816, -7400, 12060, 113, 36, -64
10.94, -7116, -7508, 12624, 114, 25, -60
10.96, -7032, -7776, 12668, 109, 13, -77
10.98, -6836, -7428, 12332, 106, 3, -75
11.00, -6596, -7560, 12196, 98, 2, -59
11.01, -6556, -7744, 12312, 87, 8, -40
11.03, -6608, -7688, 12496, 65, 23, -34
11.05, -6524, -8088, 12064, 59, 28, -36
11.07, -6300, -7948, 11884, 63, 39, -34
11.09, -6400, -7820, 12168, 79, 52, -34
11.11, -6572, -7868, 12248, 85, 62, -29
11.13, -6824, -7800, 12464, 101, 55, -31
11.14, -6932, -7696, 12608, 101, 45, -34
11.16, -6976, -7476, 12412, 101, 24, -31
11.18, -6712, -7640, 12108, 93, 15, -39
11.20, -6596, -7480, 12168, 84, 27, -19
11.22, -6964, -7456, 13044, 74, 26, -20
11.23, -6972, -7720, 12696, 82, 13, -28
11.25, -6784, -7728, 12560, 93, 5, -22
11.27, -6844, -7476, 12528, 83, -1, -11
11.29, -6608, -7324, 12372, 68, -10, 5
11.31, -6516, -7456, 12512, 60, -256, 10
11.33, -6384, -8024, 12148, 43, -9, 11
11.34, -6088, -7944, 11944, 51, -3, 10
11.36, -6064, -7800, 12052, 65, 21, 14
11.38, -6172, -7764, 12492, 86, 46, 16
11.40, -6648, -7444, 12668, 97, 54, 14
11.42, -6788, -7672, 12660, 107, 53, 1
11.43, -6780, -7572, 12636, 107, 42, -3
11.46, -6564, -7352, 12224, 97, 31, -20
11.48, -6544, -7268, 12520, 83, 34, -23
11.50, -6936, -7252, 13016, 70, 29, -21
11.52, -6728, -7580, 12860, 65, 18, -26
11.53, -6568, -7476, 12300, 60, 19, -22
11.55, -6356, -7224, 12500, 51, 19, 0
11.57, -6244, -7564, 12760, 41, 32, 16
11.60, -6320, -8036, 12592, 35, 33, 16
11.61, -6260, -8180, 12048, 44, 39, 16
11.63, -6184, -7932, 12184, 49, 51, 11
11.65, -6204, -7528, 12480, 59, 67, 14
11.67, -6508, -7460, 12460, 74, 69, 17
11.68, -6840, -7636, 12568, 84, 67, 11
11.70, -6824, -7484, 13052, 84, 50, 4
11.72, -6928, -7664, 12592, 81, 32, 15
11.74, -6712, -7360, 12212, 82, 31, 9
11.76, -6440, -7404, 12200, 71, 32, 1
11.79, -6816, -7464, 12876, 63, 41, -8
11.81, -6884, -7616, 12660, 60, 26, -12
11.83, -6876, -7280, 12580, 46, -12, -2
11.85, -6684, -7232, 12444, 27, -20, 14
11.86, -6520, -7572, 12676, 20, -36, 33
11.88, -6436, -8012, 12392, 1, -31, 40
11.90, -6176, -8160, 12188, 3, -35, 37
11.92, -5908, -7900, 12388, 18, -11, 18
11.94, -5944, -7676, 12280, 33, 13, 31
11.96, -6328, -7620, 12568, 37, 36, 24
11.98, -6604, -7916, 12580, 54, 46, 8
12.00, -6764, -7640, 12732, 65, 41, 255
12.01, -6600, -7584, 12484, 69, 34, -11
12.03, -6464, -7444, 12220, 58, 38, -22
12.05, -6420, -7120, 12440, 54, 46, -32
12.06, -6672, -7172, 13040, 62, 41, -36
12.08, -6660, -7916, 13044, 76, 36, -36
12.10, -6464, -7640, 12608, 79, 33, -42
12.12, -6336, -7552, 12480, 74, 31, -33
12.14, -6288, -7632, 12396, 55, 35, -23
12.16, -6416, -8132, 12476, 44, 36, -11
12.18, -6164, -8108, 12152, 44, 25, -9
12.20, -6008, -7848, 12120, 45, 42, -9
12.21, -6112, -7588, 12432, 53, 56, -5
12.23, -6364, -7656, 12408, 61, 68, -4
12.25, -6648, -7776, 12704, 66, 65, -16
12.27, -6724, -7600, 12612, 69, 58, -22
12.29, -6556, -7588, 12440, 73, 48, -27
12.30, -6408, -7432, 12224, 62, 49, -30
12.33, -6408, -7332, 12560, 63, 52, -22
12.34, -6884, -7452, 13284, 56, 20, -39
12.36, -6668, -7748, 12624, 70, 16, -38
12.38, -6488, -7644, 12560, 69, 16, -29
12.40, -6336, -7512, 12428, 63, 19, -2
12.44, -6224, -8076, 12380, 37, 10, 10
12.46, -5644, -8144, 12068, 50, 23, 11
12.48, -5876, -7828, 12292, 54, 43, 13
12.50, -6100, -7720, 12432, 61, 62, 9
12.51, -6388, -7436, 12564, 73, 71, 4
12.53, -6604, -7736, 12832, 87, 71, -13
12.55, -6560, -7716, 12344, 103, 63, -22
12.57, -6344, -7504, 12172, 103, 62, -32
12.59, -6516, -7280, 12536, 103, 64, -24
12.60, -6876, -7336, 13140, 94, 46, -28
12.63, -6636, -7700, 12768, 84, 29, -39
12.64, -6368, -7648, 12544, 89, 20, -26
12.66, -6288, -7208, 12420, 80, 22, -9
12.68, -6128, -7516, 12612, 66, 21, 6
12.69, -6264, -7816, 12616, 58, 19, 17
12.71, -6112, -8096, 12468, 49, 20, 29
12.73, -5676, -7844, 12160, 53, 33, 26
12.75, -6012, -7612, 12396, 60, 44, 32
12.77, -6104, -7544, 12696, 71, 60, 28
12.79, -6624, -7596, 12820, 73, 58, 25
12.81, -6620, -7624, 12888, 78, 54, 7
12.83, -6492, -7488, 12632, 89, 42, 8
12.84, -6256, -7372, 12240, 76, 50, 4
12.86, -6248, -7112, 12340, 60, 54, 4
12.88, -6408, -7284, 12996, 49, 41, 0
12.90, -6440, -7712, 12916, 60, 46, -2
12.92, -6388, -7744, 12712, 67, 43, 7
12.93, -6388, -7572, 12528, 68, 33, 25
12.95, -6484, -7396, 12636, 60, 21, 36
12.97, -6580, -7432, 12308, 44, 7, 42
12.99, -6324, -8012, 12244, 43, -11, 44
13.00, -6024, -7716, 12260, 47, -5, 32
13.03, -5972, -7456, 12432, 45, 27, 19
13.05, -6120, -7644, 12652, 63, 44, 14
13.07, -6376, -7684, 12980, 71, 64, 3
13.08, -6572, -7544, 13016, 72, 65, -15
13.10, -6512, -7468, 12556, 76, 54, -29
13.12, -6280, -7252, 12352, 72, 63, -39
13.14, -6388, -7072, 12348, 62, 56, -32
13.16, -6524, -7452, 13024, 57, 64, -34
13.18, -6604, -7668, 12760, 68, 55, -36
13.20, -6496, -7548, 12596, 70, 51, -33
13.21, -6452, -7436, 12540, 57, 45, -17
13.23, -6392, -7460, 12724, 53, 35, -9
13.25, -6296, -7836, 12620, 49, 30, 9
13.27, -6248, -7996, 12364, 51, 26, 16
13.29, -6136, -7868, 12200, 53, 30, 13
13.30, -6076, -7608, 12320, 62, 43, 11
13.32, -6312, -7576, 12780, 68, 57, 5
13.34, -6664, -7668, 13048, 78, 54, -256
13.36, -6744, -7672, 12796, 81, 35, 2
13.38, -6552, -7508, 12636, 78, 25, 5
13.40, -6204, -7404, 12484, 68, 24, 11
13.42, -6040, -7208, 12084, 51, 43, 12
13.44, -6272, -7084, 12536, 40, 48, 10
13.45, -6416, -7384, 12940, 35, 37, -6
13.48, -6296, -7660, 12584, 46, 41, -14
13.50, -6204, -7428, 12648, 44, 43, -1
13.51, -6220, -7696, 12652, 37, 38, 10
13.53, -6264, -7856, 12680, 35, 39, 18
13.55, -6236, -8024, 12444, 31, 45, 18
13.57, -6024, -7832, 12048, 41, 49, 11
13.58, -5956, -7616, 12376, 44, 61, 12
13.60, -6500, -7512, 12864, 49, 63, 18
13.62, -6624, -7640, 12600, 54, 49, 21
13.64, -6708, -7668, 12740, 59, 40, 18
13.66, -6544, -7432, 12588, 71, 28, 11
13.68, -6284, -7292, 12344, 67, 26, 9
13.70, -5896, -7316, 12224, 58, 43, 6
13.71, -6472, -7204, 12660, 49, 41, 7
13.73, -6696, -7572, 13032, 39, 27, -3
13.75, -6516, -7660, 12820, 43, 30, -4
13.77, -6340, -7612, 12676, 28, 14, 13
13.79, -6556, -7736, 12868, 6, -3, 54
13.81, -6404, -7732, 12288, -22, -23, 44
13.83, -6304, -7080, 12388, -62, -27, 20
13.85, -6144, -6696, 12532, -88, -9, -6
13.86, -5852, -7040, 13020, -78, 14, -5
13.88, -5644, -8668, 12428, -7, 80, 26
13.90, -5364, -8988, 12536, 75, 129, 58
13.92, -5848, -8752, 12552, 97, 164, 61
13.94, -6308, -7968, 12296, 114, 189, 61
13.96, -6660, -7276, 12252, 103, 158, 76
13.98, -7264, -7308, 12476, 104, 106, 87
13.99, -7436, -7324, 12412, 91, 29, 88
14.01, -7284, -7388, 12416, 80, -30, 94
14.03, -7156, -7332, 12416, 64, -85, 112
14.05, -6856, -7328, 12428, 44, -105, 133
14.07, -6164, -7600, 12636, 23, -105, 142
14.09, -5736, -7972, 12292, 11, -80, 150
14.11, -5452, -8168, 12060, 13, -23, 131
14.13, -5728, -7648, 12488, 10, 21, 110
14.14, -6052, -7668, 12664, 20, 57, 89
14.16, -6352, -7736, 12672, 31, 68, 65
14.18, -6620, -7724, 12656, 47, 70, 40
14.20, -6644, -7564, 12608, 50, 66, 24
14.22, -6564, -7384, 12428, 50, 67, 17
14.23, -6544, -7172, 12208, 50, 70, 12
14.26, -6644, -7188, 12468, 41, 62, 3
14.28, -6968, -7380, 12736, 31, 50, -9
14.29, -6792, -7608, 12552, 47, 43, -21
14.31, -6684, -7676, 12676, 51, 39, -28
14.34, -6484, -7528, 12428, 60, 43, -15
14.36, -6604, -7844, 12468, 38, 43, -3
14.38, -6476, -8152, 12268, 35, 37, -3
14.40, -6216, -8060, 12012, 57, 41, 255
14.42, -6312, -7924, 12344, 59, 64, 6
14.43, -6580, -7640, 12396, 60, 76, 18
14.45, -7064, -7816, 12692, 74, 70, 25
14.47, -7080, -7872, 12484, 86, 49, 33
14.49, -6980, -7532, 12328, 83, 32, 37
14.51, -6824, -7328, 12120, 63, 23, 39
14.53, -7148, -7112, 12528, 53, 13, 49
14.54, -7000, -7328, 13048, 48, -1, 52
14.56, -6788, -7632, 12688, 52, -15, 45
14.58, -6588, -7600, 12572, 55, -19, 43
14.60, -6636, -7504, 12452, 51, -18, 49
14.62, -6280, -7512, 12440, 46, -5, 42
14.64, -6352, -7804, 12300, 41, -3, 41
14.66, -6156, -8100, 12148, 60, 10, 28
14.67, -6108, -7780, 12280, 65, 38, 10
14.69, -6200, -7444, 12788, 68, 60, -1
14.71, -6492, -7172, 12748, 77, 77, -6
14.73, -6756, -7508, 12716, 83, 68, -13
14.75, -6800, -7568, 12748, 97, 52, -27
14.76, -6656, -7512, 12748, 101, 45, -30
14.78, -6444, -7272, 12436, 94, 41, -36
14.80, -6380, -7204, 12156, 79, 39, -40
14.82, -6640, -7100, 12660, 68, 47, -31
14.84, -6788, -7336, 13208, 61, 38, -36
14.86, -6564, -7564, 12736, 66, 34, -43
14.88, -6468, -7572, 12632, 64, 30, -39
14.89, -6352, -7660, 12536, 68, 37, -27
14.91, -6320, -7620, 12448, 56, 37, -19
14.93, -6392, -7968, 12412, 52, 29, -17
14.95, -6048, -7864, 12116, 66, 34, -19
14.97, -6100, -7564, 12360, 66, 48, -21
14.99, -6268, -7484, 12648, 70, 70, -9
15.01, -6680, -7588, 12772, 79, 65, -10
15.03, -6760, -7704, 12684, 92, 61, -19
15.04, -6716, -7484, 12748, 91, 47, -18
15.06, -6608, -7220, 12400, 80, 47, -18
15.08, -6436, -7296, 12308, 76, 44, -10
15.10, -6656, -7240, 12564, 70, 29, -2
15.12, -6724, -7388, 12852, 60, 24, -7
15.14, -6636, -7596, 12728, 64, 15, -7
15.16, -6380, -7552, 12796, 67, 6, 6
15.18, -6352, -7548, 12644, 63, 6, 11
15.20, -6336, -7720, 12672, 41, 11, 16
15.21, -6288, -7876, 12152, 39, 12, 18
15.23, -6116, -7552, 12036, 46, 13, 6
15.25, -6052, -7428, 12588, 54, 41, 9
15.27, -6276, -7528, 12680, 70, 60, 11
15.29, -6532, -7624, 12864, 78, 60, 3
15.31, -6560, -7672, 12836, 84, 57, -6
15.33, -6616, -7316, 12624, 76, 49, -11
15.34, -6388, -7276, 12364, 82, 41, -8
15.36, -6412, -7152, 12648, 74, 47, -2
15.38, -6744, -7240, 12828, 66, 33, -3
15.41, -6608, -7520, 12628, 57, 21, -11
15.43, -6500, -7380, 12700, 63, 13, 0
15.44, -6380, -7420, 12660, 62, 9, 4
15.46, -6384, -7564, 12860, 47, 18, 6
15.48, -6268, -7920, 12308, 39, 15, 7
15.50, -6000, -7872, 12232, 47, 20, 3
15.51, -5948, -7680, 12296, 53, 42, -1
15.53, -6132, -7408, 12632, 68, 67, 5
15.55, -6424, -7520, 12824, 75, 70, 0
15.57, -6580, -7600, 12860, 91, 65, 254
15.59, -6640, -7536, 12632, 94, 58, -13
15.60, -6556, -7280, 12368, 88, 52, -14
15.63, -6580, -7152, 12504, 82, 44, -6
15.64, -6816, -7168, 13308, 77, 36, -255
15.66, -6824, -7456, 12856, 72, 17, -17
15.68, -6500, -7432, 12568, 77, 11, -20
15.70, -6452, -7252, 12516, 70, 5, -9
15.71, -6288, -7244, 12628, 60, 5, -252
15.73, -6284, -7616, 12664, 57, 14, 2
15.75, -6244, -7712, 12472, 48, 22, 8
15.77, -6044, -7932, 12224, 59, 26, 4
15.79, -5924, -7536, 12448, 65, 40, 12
15.81, -6124, -7372, 12340, 69, 56, 14
15.83, -6252, -7556, 12816, 79, 67, 16
15.84, -6600, -7564, 12828, 90, 65, 4
15.86, -6732, -7448, 12904, 96, 55, 0
15.88, -6892, -7316, 12464, 98, 33, -10
15.90, -6472, -7172, 12452, 84, 26, -12
15.91, -6468, -6856, 12768, 66, 24, -13
15.93, -6848, -6988, 13268, 54, 20, -12
15.95, -6508, -7196, 12864, 69, 10, -24
15.97, -6176, -7304, 12716, 71, 10, -19
15.99, -6164, -7188, 12836, 59, 12, -12
16.01, -6228, -7468, 12796, 31, 10, 5
16.03, -6112, -8056, 12076, 29, 15, 13
16.04, -5700, -7768, 12388, 32, 33, 5
16.06, -5596, -7456, 12460, 33, 55, 254
16.08, -5912, -7336, 12724, 47, 86, 7
16.10, -6232, -7328, 12984, 51, 90, -3
16.11, -6580, -7252, 13128, 58, 90, -30
16.13, -6628, -7440, 12692, 76, 63, -41
16.15, -6264, -7472, 12248, 76, 77, -47
16.17, -6420, -7272, 12752, 89, 94, -32
16.19, -6712, -7464, 13052, 95, 77, -26
16.21, -6708, -7588, 12744, 110, 59, -28
16.23, -6656, -7252, 12556, 101, 31, -9
16.25, -6408, -7184, 12968, 56, -16, 26
16.28, -6256, -7952, 12248, 42, -27, 36
16.30, -6096, -7704, 12228, 49, -14, 42
16.32, -5668, -7324, 12344, 35, 8, 44
16.34, -5764, -7376, 12292, 30, 49, 48
16.36, -6180, -7728, 12832, 35, 71, 51
16.38, -6472, -7792, 12940, 31, 99, 57
16.39, -6672, -7904, 12908, 41, 90, 68
16.41, -6836, -7852, 12408, 39, 69, 86
16.43, -6692, -7420, 12200, 22, 47, 100
16.45, -7128, -7096, 12972, 1, 10, 112
16.47, -6984, -7380, 13084, 7, -8, 106
16.49, -6828, -7652, 12504, 39, -40, 105
16.51, -6384, -7204, 12440, 40, -52, 120
16.53, -6236, -7068, 12544, 4, -71, 122
16.54, -6040, -7456, 12340, -4, -62, 122
16.56, -5568, -7564, 12208, -7, -25, 110
16.58, -5544, -7300, 12504, 7, 24, 87
16.60, -5796, -7148, 12928, 21, 58, 73
16.62, -6412, -7272, 13076, 48, 80, 48
16.64, -6620, -7300, 12832, 80, 78, 38
16.66, -6620, -7080, 13132, 105, 76, 22
16.68, -6560, -6816, 12696, 104, 68, -3
16.69, -6500, -6792, 12340, 111, 73, -17
16.71, -6856, -6640, 13148, 98, 61, -30
16.73, -6664, -6904, 13188, 91, 33, -57
16.75, -6672, -7064, 12768, 89, 21, -67
16.77, -6276, -7232, 12620, 97, 14, -63
16.79, -6112, -7256, 12824, 101, 22, -53
16.81, -5916, -7636, 12988, 81, 37, -48
16.83, -6008, -7732, 12280, 72, 40, -59
16.84, -5932, -7400, 12348, 71, 62, -64
16.86, -5644, -7244, 12484, 76, 95, -63
16.88, -5892, -7320, 12880, 77, 121, -52
16.90, -6468, -7416, 12948, 80, 133, -53
16.92, -6604, -7520, 12960, 90, 131, -51
16.93, -6512, -7476, 12616, 97, 124, -54
16.95, -6448, -7180, 12376, 76, 128, -53
16.97, -6616, -7204, 12656, 78, 128, -43
16.99, -7064, -7324, 13008, 72, 105, -45
17.01, -6924, -7468, 12828, 64, 86, -43
17.03, -6812, -7444, 12444, 73, 63, -24
17.05, -6764, -7348, 12524, 64, 43, -3
17.06, -6588, -7484, 12560, 58, 23, 10
17.08, -6424, -7744, 12556, 41, 9, 20
17.10, -6520, -7988, 12180, 42, -8, 32
17.11, -6264, -7764, 12200, 45, -6, 27
17.13, -6060, -7500, 12300, 52, 9, 31
17.15, -6208, -7392, 12604, 56, 31, 39
17.17, -6400, -7548, 12692, 67, 46, 29
17.19, -6644, -7640, 12912, 69, 56, 28
17.20, -6692, -7264, 13008, 62, 51, 21
17.23, -6592, -7152, 12440, 57, 47, 20
17.24, -6196, -7268, 12324, 51, 52, 29
17.26, -6804, -7144, 12968, 46, 49, 33
17.28, -6964, -7264, 12864, 43, 35, 22
17.30, -6900, -7452, 12612, 58, 13, 14
17.32, -6724, -7252, 12560, 58, -15, 31
17.34, -6692, -7108, 12704, 46, -36, 40
17.36, -6512, -7420, 12564, 32, -45, 42
17.38, -6176, -7780, 12248, 40, -43, 47
17.39, -5832, -7584, 12504, 53, -34, 40
17.41, -5960, -7236, 12604, 48, -7, 47
17.43, -6124, -7252, 12580, 59, 20, 44
17.45, -6448, -7324, 13084, 76, 35, 41
17.46, -6588, -7408, 13004, 89, 42, 30
17.48, -6608, -7340, 12876, 97, 42, 17
17.50, -6464, -6968, 12696, 82, 49, 3
17.52, -6392, -6668, 13032, 65, 46, 8
17.54, -6936, -6860, 13240, 58, 39, 7
17.56, -6868, -7136, 12976, 62, 18, -16
17.58, -6716, -6916, 13048, 70, -6, -17
17.60, -6416, -6976, 12660, 64, -16, -11
17.61, -6244, -7060, 12692, 59, -22, -5
17.63, -6140, -7516, 12520, 48, -18, -3
17.65, -5856, -7924, 12488, 55, -7, -6
17.67, -5752, -7476, 12384, 51, 23, -28
17.69, -5712, -7216, 12664, 63, 70, -37
17.71, -6032, -7276, 12972, 80, 98, -42
17.73, -6472, -7316, 13256, 90, 109, -56
17.75, -6588, -7464, 13292, 105, 103, -57
17.76, -6620, -7368, 12900, 113, 94, -51
17.78, -6488, -7100, 12532, 107, 79, -51
17.80, -6316, -7044, 12088, 90, 78, -51
17.82, -6828, -6836, 13092, 78, 64, -38
17.84, -6884, -7216, 13192, 76, 46, -43
17.86, -6772, -7372, 12892, 85, 13, -35
17.88, -6536, -7136, 12752, 77, -13, -14
17.90, -6380, -7104, 12920, 53, -26, 11
17.92, -6268, -7468, 12652, 33, -27, 27
17.93, -5800, -7568, 12328, 42, -18, 36
17.95, -5640, -7252, 12488, 46, 4, 31
17.97, -5652, -7036, 12564, 51, 42, 25
17.99, -5988, -7240, 12912, 60, 66, 23
18.01, -6288, -7368, 13012, 77, 71, 9
18.03, -6480, -7284, 13168, 95, 60, -5
18.04, -6428, -7120, 12804, 87, 58, -20
18.06, -6312, -6904, 12628, 66, 55, -28
18.08, -6680, -6888, 13392, 65, 51, -28
18.10, -6704, -7144, 13288, 70, 44, -40
18.11, -6328, -7400, 12556, 77, 35, -38
18.13, -6192, -7096, 12592, 71, 37, -22
18.15, -6164, -7164, 12660, 52, 40, -9
18.18, -6184, -7516, 12668, 39, 24, 3
18.20, -6188, -8108, 12592, 47, 18, 6
18.23, -5948, -7560, 12492, 49, 33, 2
18.24, -5876, -7236, 12740, 55, 55, 1
18.26, -5912, -7108, 12932, 66, 67, 6
18.28, -6460, -7092, 12904, 70, 69, 9
18.30, -6620, -7160, 12940, 76, 65, 4
18.31, -6600, -7184, 13300, 85, 62, 1
18.33, -6468, -7068, 12664, 77, 40, 10
18.35, -6224, -6936, 12400, 59, 41, 9
18.37, -6348, -6900, 12672, 50, 35, 14
18.39, -6832, -7104, 13324, 43, 30, 14
18.41, -6704, -7372, 13060, 51, 15, 2
18.43, -6416, -6944, 12828, 57, 0, 8
18.44, -6232, -7048, 12684, 52, 0, 20
18.46, -6136, -7032, 12784, 44, 5, 18
18.48, -6392, -7636, 12824, 43, 2, 16
18.49, -5968, -7756, 12348, 44, 18, 24
18.52, -5728, -7568, 12448, 59, 26, 18
18.53, -5824, -7212, 12720, 58, 44, 12
18.56, -5908, -7132, 13080, 67, 72, 7
18.57, -6408, -7324, 13040, 77, 71, 2
18.59, -6568, -7324, 13112, 87, 68, -7
18.61, -6584, -7200, 13052, 95, 58, -9
18.63, -6272, -6992, 12496, 88, 51, -8
18.64, -6272, -6932, 12324, 76, 42, -2
18.66, -6732, -6896, 13220, 66, 38, 2
18.68, -6748, -7244, 13532, 57, 29, -7
18.70, -6460, -7272, 12824, 72, 15, -7
18.72, -6244, -7040, 12548, 73, 2, 3
18.74, -6216, -7036, 12856, 67, 8, 13
18.76, -6196, -7304, 12832, 56, 6, 7
18.77, -6248, -7636, 12676, 48, 2, 9
18.79, -5860, -7548, 12436, 58, 3, 9
18.81, -5824, -7116, 12764, 61, 28, -254
18.83, -5720, -7108, 13036, 68, 50, -256
18.85, -6000, -7224, 13056, 70, 78, -5
18.86, -6296, -7240, 13160, 82, 81, -11
18.88, -6156, -7212, 13188, 88, 83, -21
18.90, -6360, -7108, 12840, 94, 72, -19
18.92, -6144, -6964, 12584, 91, 67, -26
18.94, -6320, -6764, 13008, 75, 71, -22
18.96, -6616, -6920, 13148, 63, 59, -26
18.98, -6456, -7328, 13036, 71, 50, -37
18.99, -6416, -7228, 12840, 75, 38, -26
19.01, -6328, -6968, 13012, 72, 19, -20
19.03, -6600, -6684, 12888, 61, 4, -14
19.05, -6376, -7280, 12832, 49, -14, -8
19.06, -6096, -7560, 12624, 50, -21, 11
19.08, -5636, -7688, 12052, 67, -256, 17
19.10, -5568, -7392, 12616, 81, 31, 22
19.12, -5832, -7104, 13104, 80, 69, 26
19.14, -6140, -7084, 13204, 84, 79, 23
19.16, -6456, -7000, 13356, 89, 73, 25
19.18, -6504, -6996, 13104, 93, 61, 34
19.19, -6360, -6924, 12840, 97, 48, 41
19.22, -6172, -6792, 12664, 70, 47, 45
19.24, -6228, -6728, 13072, 48, 43, 46
19.25, -6456, -7068, 13352, 44, 35, 35
19.27, -6348, -7148, 13012, 40, 33, 23
19.29, -5896, -7000, 12700, 48, 16, 30
19.31, -6028, -6888, 12880, 42, 23, 43
19.33, -6116, -6668, 12900, 44, 26, 43
19.34, -6380, -7284, 12684, 30, 31, 47
19.36, -5972, -7452, 12412, 35, 28, 46
19.38, -5640, -7216, 12384, 41, 45, 35
19.40, -5988, -6936, 12920, 45, 61, 28
19.42, -6288, -7152, 12892, 56, 72, 25
19.43, -6460, -6916, 13152, 61, 72, 15
19.45, -6904, -7080, 13180, 59, 65, 4
19.47, -6544, -7024, 12776, 64, 53, -256
19.49, -6376, -6864, 12792, 67, 54, 4
19.51, -6328, -6864, 12644, 47, 62, 3
19.53, -6352, -6700, 12968, 50, 55, 7
19.54, -6708, -6876, 13216, 26, 43, 3
19.56, -6628, -7084, 12920, 36, 34, 8
19.58, -6492, -7132, 12904, 49, 21, 20
19.60, -6424, -7036, 12820, 50, 13, 40
19.62, -6328, -7044, 12852, 31, 9, 46
19.64, -6256, -7480, 12592, 23, 5, 52
19.66, -6352, -7452, 12340, 31, 10, 48
19.68, -5968, -7084, 12560, 41, 38, 42
19.70, -5932, -6956, 12836, 45, 65, 41
19.72, -6380, -7264, 13064, 62, 83, 33
19.74, -6548, -7276, 13220, 68, 82, 20
19.76, -6516, -7264, 12840, 72, 72, 18
19.78, -6404, -7012, 12868, 68, 73, 20
19.80, -6500, -6864, 12764, 62, 73, 17
19.81, -6748, -6704, 13028, 58, 54, 25
19.83, -6828, -6904, 13212, 52, 40, 16
19.85, -6844, -7012, 12756, 52, 14, 17
19.87, -6648, -6944, 12644, 48, -9, 21
19.89, -6488, -7076, 12688, 38, -24, 25
19.91, -6400, -7280, 12812, 35, -25, 29
19.93, -6264, -7524, 12716, 37, -23, 37
19.94, -6012, -7536, 12716, 35, -8, 25
19.96, -5796, -7268, 12632, 42, 19, 17
19.98, -5656, -7092, 12748, 46, 56, 18
20.00, -6196, -7004, 13012, 53, 72, 21
20.02, -6488, -7100, 13064, 60, 77, 15
20.03, -6604, -7120, 12972, 66, 73, 5
20.05, -6680, -7112, 12936, 70, 63, 8
20.07, -6448, -7048, 12712, 66, 50, 5
20.10, -6528, -6832, 12704, 53, 44, 8
20.12, -6832, -6792, 13024, 49, 32, 7
20.14, -6824, -6728, 12940, 54, 8, -3
20.16, -6904, -7104, 13012, 60, -13, -5
20.18, -6300, -7024, 12848, 54, -20, 6
20.19, -6164, -7008, 12920, 61, -13, 13
20.21, -6212, -7128, 12572, 57, -12, 16
20.23, -6124, -7364, 12604, 56, -4, 19
20.24, -6108, -7448, 12588, 50, 7, 15
20.26, -5840, -7344, 12540, 59, 29, 8
20.28, -5988, -7104, 12768, 58, 59, 11
20.30, -6272, -7012, 12964, 67, 70, 12
20.32, -6560, -6944, 13308, 75, 68, 8
20.33, -6616, -7020, 13012, 79, 61, 2
20.36, -6532, -7016, 12860, 85, 33, 2
20.37, -6160, -6828, 12780, 77, 24, 6
20.39, -6312, -6848, 12580, 66, 20, 1
20.41, -6248, -6896, 12912, 67, 24, 7
20.43, -6584, -6852, 12816, 60, 17, -4
20.45, -6456, -6952, 13156, 61, 12, -13
20.46, -6412, -7068, 13032, 64, 7, -16
20.48, -6136, -6992, 12992, 63, 12, -10
20.50, -6116, -6980, 12860, 67, 19, 1
20.52, -6132, -7264, 12756, 58, 24, -3
20.54, -6196, -7328, 12772, 63, 21, 3
20.56, -6016, -7140, 12616, 63, 19, -5
20.58, -5904, -6948, 12552, 59, 36, -1
20.60, -6220, -6936, 12948, 62, 52, 6
20.62, -6316, -7016, 13172, 71, 57, 9
20.63, -6428, -7204, 13112, 72, 57, -4
20.65, -6416, -7056, 13020, 76, 48, -4
20.67, -6432, -6700, 12932, 77, 43, -9
20.69, -6204, -6752, 12652, 69, 45, -8
20.71, -6232, -6888, 12692, 65, 41, -6
20.73, -6392, -6836, 13168, 60, 27, -9
20.75, -6576, -6872, 13212, 53, 23, -9
20.76, -6484, -7060, 13152, 57, 12, -8
20.78, -6288, -7032, 12900, 58, 1, -2
20.80, -6080, -6956, 12964, 55, 14, 2
20.82, -6016, -7116, 12596, 51, 17, 4
20.84, -5992, -7232, 12896, 47, 31, 6
20.86, -5924, -7192, 12792, 48, 36, 7
20.88, -5636, -7020, 13008, 43, 63, 2
20.90, -6016, -6960, 12972, 49, 76, 12
20.92, -6284, -6960, 13176, 58, 73, 12
20.93, -6416, -7084, 13128, 57, 69, 9
20.95, -6524, -7100, 12988, 65, 58, 8
20.97, -6412, -6956, 12952, 72, 53, 12
20.99, -6260, -6852, 12832, 75, 39, 12
21.01, -6144, -6768, 12628, 64, 40, 4
21.03, -6252, -7120, 12784, 60, 27, 5
21.04, -6528, -6792, 13292, 51, 18, -7
21.06, -6524, -7028, 13188, 50, 11, -13
21.08, -6332, -7240, 13068, 62, 3, -13
21.10, -6064, -7068, 12948, 61, 16, -2
21.12, -5992, -7000, 12936, 57, 24, 0
21.14, -6064, -6960, 12924, 50, 27, 5
21.17, -6016, -7280, 13016, 49, 40, 10
21.19, -5808, -7080, 12624, 48, 47, 1
21.20, -6008, -6916, 12904, 49, 60, 8
21.22, -6280, -7020, 13136, 57, 70, 17
21.24, -6440, -7116, 13204, 67, 70, 7
21.26, -6456, -7124, 12960, 69, 71, 8
21.27, -6408, -6980, 13008, 66, 54, 12
21.29, -6316, -6840, 12924, 67, 50, 14
21.31, -6280, -6748, 12796, 62, 37, 15
21.33, -6296, -6788, 12612, 56, 34, 11
21.35, -6440, -6720, 13088, 51, 25, 13
21.36, -6532, -6856, 13512, 43, 10, 8
21.38, -6436, -7148, 13100, 48, 7, -7
21.40, -6164, -7220, 13052, 58, 7, -2
21.42, -6052, -7120, 12872, 55, 11, 2
21.44, -6052, -7068, 12976, 54, 27, 7
21.45, -6056, -7408, 12752, 46, 24, 10
21.47, -5904, -7180, 12896, 45, 34, 10
21.49, -5816, -7168, 12616, 49, 44, 9
21.51, -5904, -7036, 12804, 54, 52, 4
21.53, -6092, -6928, 13084, 58, 65, 14
21.54, -6304, -6952, 13192, 59, 64, 9
21.56, -6472, -7096, 13164, 63, 59, 6
21.58, -6388, -7056, 13040, 75, 54, 6
21.60, -6272, -6880, 12936, 73, 42, 7
21.62, -6232, -6752, 12708, 61, 44, 6
21.64, -6320, -6736, 12856, 59, 47, 14
21.66, -6644, -6816, 13168, 52, 29, 5
21.67, -6580, -6980, 13056, 60, 17, -1
21.69, -6392, -7044, 13012, 62, 5, -10
21.71, -6164, -6992, 13052, 58, 1, 5
21.73, -6052, -7088, 12948, 52, 19, 2
21.76, -5960, -7344, 12900, 52, 20, 1
21.77, -5952, -7380, 12788, 49, 34, -2
21.79, -5736, -7168, 12664, 50, 55, -6
21.81, -6080, -6984, 12864, 51, 71, 2
21.83, -6124, -6828, 12808, 54, 78, 4
21.84, -6340, -6952, 13252, 64, 74, 4
21.86, -6508, -7088, 13188, 67, 66, -3
21.88, -6476, -7056, 13012, 72, 58, 255
21.90, -6384, -6820, 12888, 70, 38, 9
21.92, -6296, -6844, 12568, 67, 34, 6
21.93, -6228, -6904, 12732, 62, 26, 8
21.95, -6408, -6844, 13132, 66, 30, 4
21.97, -6504, -6688, 13160, 59, 12, -8
21.99, -6656, -7100, 13284, 64, 2, -11
22.01, -6324, -6932, 13064, 61, 11, 3
22.04, -5916, -6960, 12732, 58, 23, -1
22.07, -6012, -7288, 12620, 45, 40, 5
22.09, -5832, -7084, 12708, 47, 57, -3
22.11, -5900, -6896, 12916, 49, 69, -1
22.13, -6100, -6672, 13304, 58, 76, 6
22.14, -6440, -7100, 13144, 67, 73, 5
22.16, -6592, -7020, 13304, 77, 63, 5
22.18, -6580, -6928, 13124, 77, 45, 2
22.20, -6364, -6784, 12808, 74, 28, 7
22.21, -6140, -6812, 12756, 58, 21, 6
22.23, -6252, -6832, 13220, 59, 26, 9
22.25, -6336, -6916, 13236, 56, 22, 2
22.27, -6332, -7064, 13288, 64, 15, -8
22.29, -6152, -6976, 12880, 61, 8, -4
22.31, -6096, -6876, 12940, 56, 11, 4
22.32, -5976, -7108, 12820, 54, 15, 3
22.34, -5968, -7396, 12812, 60, 26, 7
22.36, -5896, -7384, 12880, 49, 33, 0
22.38, -5808, -6916, 12744, 49, 48, -11
22.40, -5920, -6944, 12952, 50, 68, -256
22.42, -6252, -6828, 13192, 62, 80, 3
22.43, -6516, -6964, 13260, 72, 67, -6
22.46, -6576, -7080, 13132, 75, 53, -2
22.47, -6400, -6832, 12804, 75, 39, -4
22.49, -6232, -6636, 12724, 60, 35, -5
22.51, -6100, -6768, 12960, 55, 28, 255
22.53, -6444, -6840, 13124, 60, 28, 255
22.55, -6416, -6936, 13156, 60, 25, -11
22.56, -6296, -7008, 12896, 62, 16, -5
22.58, -6288, -6856, 12944, 61, 7, 6
22.60, -6372, -6880, 13012, 57, 12, 9
22.62, -5980, -7288, 12960, 46, 12, 15
22.64, -5856, -7352, 12676, 44, 21, 9
22.66, -5708, -7136, 12560, 48, 40, 5
22.68, -5808, -6856, 12956, 48, 71, 2
22.70, -6060, -6964, 13036, 59, 82, 10
22.72, -6612, -7088, 13056, 72, 74, 1
22.74, -6436, -7012, 13148, 75, 66, -4
22.76, -6372, -6820, 13064, 78, 52, -1
22.77, -6316, -6668, 12756, 69, 45, 1
22.79, -6176, -6804, 12604, 61, 36, 5
22.81, -6340, -6856, 13140, 62, 31, 1
22.82, -6424, -6908, 13340, 50, 24, -8
22.84, -6296, -6928, 13176, 62, 16, -11
22.86, -6236, -6980, 12996, 65, 3, -6
22.88, -6116, -6888, 12808, 60, 5, 10
22.89, -6048, -7028, 13072, 54, 8, 15
22.92, -6072, -7216, 12900, 47, 12, 15
22.93, -6008, -7424, 12704, 36, 16, 17
22.95, -5676, -7040, 12528, 46, 36, 12
22.97, -5652, -6936, 13004, 54, 53, 13
22.99, -5884, -6920, 13104, 56, 75, 10
23.01, -6172, -7160, 13164, 65, 87, 5
23.02, -6384, -7064, 13256, 75, 85, 2
23.04, -6496, -6916, 13128, 70, 72, -1
23.06, -6300, -6752, 12604, 68, 49, 0
23.08, -6272, -6832, 12840, 68, 47, 7
23.10, -6620, -6756, 13440, 60, 28, 9
23.12, -6432, -6928, 13076, 58, 10, -9
23.14, -6284, -6976, 13004, 60, -4, -7
23.16, -6152, -6872, 13120, 61, -256, 6
23.18, -6032, -7072, 13024, 52, 9, 5
23.20, -6004, -7400, 12900, 40, 16, 6
23.22, -5740, -7300, 12732, 52, 34, 9
23.24, -5700, -7024, 12680, 52, 46, 0
23.26, -5816, -6904, 12952, 54, 63, 8
23.27, -5968, -6824, 13348, 51, 87, 5
23.29, -6232, -6984, 13632, 51, 91, 8
23.31, -6240, -7052, 13408, 50, 111, 14
23.33, -6248, -6980, 13408, 25, 120, 22
23.34, -6076, -7212, 12880, 28, 123, 50
23.36, -6228, -7128, 13260, 24, 135, 93
23.38, -6648, -6816, 13496, -256, 121, 124
23.40, -6852, -6940, 13532, -12, 87, 148
23.41, -6812, -6876, 13008, 9, 25, 163
23.43, -6760, -6648, 13296, 6, -18, 189
23.45, -6720, -6904, 13004, 4, -76, 206
23.47, -6660, -6848, 13336, 255, -101, 224
23.49, -6208, -7196, 12704, 23, -101, 238
23.51, -6152, -6780, 12904, 40, -82, 247
23.52, -6212, -6384, 13544, 21, -81, 244
23.54, -6524, -6264, 13844, 4, -78, 252
23.56, -6852, -6168, 14196, -15, -90, 240
23.58, -6304, -5824, 13780, -66, -90, 237
23.60, -5724, -5864, 13260, -114, -90, 226
23.62, -5156, -5680, 13268, -122, -70, 219
23.63, -4732, -5776, 12580, -141, 28, 227
23.66, -5108, -5684, 13240, -174, 62, 213
23.67, -5068, -6024, 12972, -213, 83, 193
23.69, -5068, -6204, 12572, -228, 121, 194
23.71, -5256, -6400, 12580, -260, 160, 208
23.73, -5360, -6576, 12656, -307, 183, 235
23.74, -4952, -7112, 11460, -332, 240, 270
23.76, -4876, -7444, 10708, -254, 308, 310
23.78, -6452, -7580, 11144, -183, 321, 246
23.80, -8036, -7944, 11880, -172, 297, 171
23.82, -9584, -8704, 12364, -152, 237, 112
23.84, -10392, -9336, 12836, -129, 160, 41
23.86, -9944, -9784, 12440, -84, 58, 6
23.88, -9396, -9704, 12484, -52, -42, 20
23.89, -8788, -8780, 12300, -11, -126, 52
23.91, -7980, -7424, 12068, 37, -167, 77
23.94, -7736, -6444, 11772, 62, -225, 201
23.96, -8124, -6644, 11836, 30, -325, 247
23.99, -8288, -7360, 11556, 12, -347, 277
24.00, -8444, -8044, 11760, 53, -379, 272
24.02, -7248, -7912, 11448, 40, -360, 263
24.04, -6432, -8204, 11052, 27, -306, 261
24.06, -6092, -8760, 11488, 84, -242, 245
24.08, -6452, -8612, 11424, 131, -188, 191
24.09, -7376, -8320, 12496, 129, -188, 160
24.11, -8324, -7952, 12472, 157, -232, 119
24.13, -9152, -7508, 13648, 120, -275, 30
24.15, -9836, -6352, 16164, -59, -349, -2
24.16, -9272, -6328, 16076, -192, -437, 73
24.18, -7636, -6732, 13684, -212, -410, 150
24.20, -7252, -6816, 13784, -2, -526, 199
24.22, -5264, -7404, 11620, -275, -653, 227
24.24, -2836, -7832, 9204, -75, -652, 287
24.26, -1780, -7420, 9904, 54, -526, 510
24.28, -664, -6616, 12432, 119, -266, 151
24.30, -1476, -5424, 14976, -7, -137, 94
24.32, -2616, -5000, 14988, -107, -59, 262
24.34, -4408, -6552, 15344, -150, -63, 358
24.36, -5048, -8388, 14552, -155, -77, 310
24.38, -5208, -9148, 13600, -110, -148, 260
24.40, -4012, -8540, 12972, -76, -153, 244
24.42, -2772, -7384, 12852, -42, -122, 258
24.43, -2260, -7120, 12116, 7, -48, 286
24.45, -1812, -7120, 11220, 105, 113, 320
24.47, -1412, -7296, 10568, 207, 261, 378
24.49, -404, -7368, 10980, 381, 442, 566
24.51, -820, -6888, 15092, 235, 521, 567
24.52, -5616, -7724, 17500, -79, 689, 279
24.54, -7020, -8328, 14488, -80, 653, 86
24.56, -8740, -6716, 14772, -112, 558, 54
24.58, -8492, -6576, 13096, -106, 396, 113
24.60, -7816, -6416, 12376, -94, 295, 204
24.62, -7776, -6508, 12512, -126, 216, 301
24.63, -8516, -6164, 12676, -202, 150, 355
24.65, -8620, -5796, 11876, -299, 111, 372
24.67, -7688, -5900, 10396, -299, 68, 390
24.69, -7636, -6828, 9648, -245, 49, 350
24.71, -7840, -7868, 10048, -171, -9, 261
24.73, -8724, -8324, 11124, -117, -34, 194
24.75, -10004, -8932, 11492, -132, -74, 158
24.76, -10204, -9244, 11872, -130, -95, 122
24.78, -9156, -9096, 12372, -82, -39, 76
24.80, -7796, -8008, 12660, -89, 73, 65
24.82, -7104, -7980, 12384, -43, 180, 105
24.84, -7508, -8008, 11920, 3, 263, 136
24.86, -8356, -7876, 11484, 28, 272, 170
24.87, -9144, -7732, 11504, 54, 224, 211
24.89, -10060, -7596, 11732, 42, 126, 223
24.91, -9608, -7212, 11448, -8, 33, 231
24.93, -8928, -7272, 10800, 7, -38, 245
24.95, -8280, -7424, 10992, 27, -86, 509
24.96, -8140, -7688, 11004, 56, -116, 237
24.99, -8984, -8940, 10792, 199, -213, 105
25.01, -9656, -8304, 12328, 162, -236, -57
25.03, -8552, -7668, 13708, 48, -331, -66
25.05, -7360, -7200, 12608, 34, -381, -23
25.06, -6948, -7008, 12324, 12, -407, 17
25.09, -6492, -7688, 11948, 22, -388, 50
25.11, -6140, -7924, 12056, 51, -365, 31
25.12, -5888, -7468, 12308, 72, -334, -30
25.14, -5476, -7316, 12528, 82, -294, -74
25.16, -5048, -7328, 12548, 76, -228, -115
25.17, -4948, -7312, 12612, 74, -151, -142
25.19, -5172, -7488, 12696, 63, -91, -150
25.21, -5612, -7592, 12808, 45, -50, -134
25.23, -5672, -7616, 12760, 43, -60, -100
25.24, -6124, -7592, 13000, 41, -82, -75
25.26, -6016, -7396, 12964, 42, -103, -68
25.28, -5700, -7404, 12936, 44, -119, -70
25.30, -5464, -7552, 12764, 55, -117, -64
25.32, -5380, -7612, 12900, 78, -107, -56
25.34, -5144, -7596, 12844, 81, -80, -57
25.35, -5036, -7176, 13052, 80, -37, -67
25.37, -5036, -7608, 12864, 84, -4, -62
25.39, -5016, -7256, 13000, 81, 34, -56
25.41, -5112, -7076, 13144, 67, 67, -42
25.43, -5304, -7184, 13036, 59, 78, -36
25.44, -5592, -7328, 13160, 48, 96, -35
25.46, -5732, -7396, 12988, 40, 104, -29
25.48, -5980, -7544, 13212, 19, 83, -22
25.50, -5920, -7668, 12896, 20, 87, -6
25.52, -5796, -7556, 12756, 12, 92, 0
25.54, -5736, -7428, 12632, 10, 109, 2
25.56, -5720, -7336, 12680, 15, 122, -2
25.57, -5772, -7232, 12512, 8, 138, 4
25.59, -6112, -7468, 12788, 8, 133, 255
25.61, -6220, -7728, 12588, 13, 125, -7
25.62, -6304, -7740, 12672, 14, 126, -15
25.64, -6352, -7832, 12836, 21, 119, -18
25.66, -6484, -7712, 12908, 12, 119, -17
25.68, -6580, -7464, 12288, 13, 110, -15
25.70, -6516, -7680, 12360, 26, 80, -21
25.72, -6524, -7680, 12424, 19, 70, -24
25.74, -6628, -7448, 12548, 14, 58, -32
25.76, -6616, -7428, 12536, 17, 40, -47
25.78, -6484, -7908, 12336, 25, 43, -60
25.79, -6344, -8332, 12392, 51, 40, -40
25.81, -6380, -8476, 12404, 81, 36, -31
25.83, -6496, -8440, 12404, 114, 22, -15
25.86, -6712, -8056, 12724, 132, -15, 10
25.88, -6488, -7652, 12712, 115, -23, 22
25.90, -6248, -7556, 12380, 121, -11, 33
25.92, -6128, -7428, 12708, 109, 5, 43
25.94, -6032, -7588, 12496, 101, 18, 54
25.95, -6112, -7684, 12552, 104, 25, 52
25.97, -6100, -7844, 12536, 118, 20, 49
25.99, -6096, -7708, 12472, 119, 34, 46
26.01, -6124, -7596, 12632, 111, 34, 36
26.02, -6240, -7504, 12576, 107, 28, 30
26.04, -6256, -7524, 12588, 103, 26, 22
26.06, -6132, -7484, 12308, 89, 14, 20
26.08, -6304, -7444, 12800, 79, 10, 19
26.10, -6368, -7412, 12916, 74, 3, 8
26.11, -6600, -7352, 12636, 77, -8, -6
26.13, -6308, -7380, 12748, 82, -20, -19
26.15, -6108, -7484, 12888, 80, -35, -24
26.17, -6020, -7772, 12600, 84, -37, -31
26.19, -5820, -7868, 12568, 97, -23, -29
26.20, -5644, -7696, 12728, 92, 13, -53
26.23, -5732, -7620, 12860, 98, 37, -60
26.25, -5872, -7448, 12892, 102, 51, -63
26.26, -6132, -7376, 12784, 98, 60, -63
26.28, -5876, -7372, 12592, 90, 58, -69
26.30, -5664, -7428, 12912, 108, 69, -65
26.32, -6140, -7332, 12984, 99, 64, -70
26.34, -6188, -7292, 12984, 101, 40, -74
26.35, -6256, -7416, 12848, 103, 10, -71
26.37, -6152, -7252, 12696, 89, -6, -66
26.39, -6172, -7220, 12996, 79, -33, -41
26.41, -5976, -7348, 12880, 77, -37, -29
26.43, -5892, -7352, 12736, 72, -43, -27
26.44, -5748, -7504, 12936, 67, -38, -18
26.46, -5652, -7524, 12908, 72, -29, -15
26.48, -5604, -7776, 13088, 84, -10, -3
26.50, -5636, -7752, 12928, 85, -6, 10
26.52, -5456, -7544, 12900, 77, 14, 16
26.54, -5332, -7464, 13044, 79, 40, 22
26.56, -5380, -7304, 13016, 75, 68, 27
26.57, -5464, -7236, 13076, 71, 87, 29
26.59, -5764, -7304, 13016, 70, 95, 21
26.61, -5924, -7420, 12888, 67, 85, 16
26.63, -5940, -7404, 13052, 75, 67, 14
26.65, -5932, -7464, 12900, 75, 56, 16
26.66, -5784, -7456, 12772, 69, 51, 21
26.68, -5764, -7356, 12916, 66, 45, 16
26.70, -5864, -7448, 12932, 58, 39, 25
26.72, -5636, -7468, 12952, 51, 31, 28
26.74, -5904, -7352, 13136, 39, 35, 37
26.76, -6020, -7480, 13148, 40, 32, 35
26.77, -6072, -7388, 12960, 40, 16, 31
26.79, -6100, -7480, 12844, 47, 0, 29
26.81, -5968, -7172, 12764, 59, -9, 34
26.83, -5788, -7280, 12760, 64, -14, 36
26.85, -5884, -7252, 12912, 61, -14, 44
26.86, -5800, -7348, 13196, 51, -10, 43
26.89, -5852, -7528, 12660, 49, 1, 34
26.90, -5488, -7552, 12900, 39, 41, 28
26.93, -5560, -7388, 12888, 43, 74, 23
26.95, -5800, -7360, 12568, 46, 87, 10
26.97, -5928, -7316, 12868, 51, 82, -5
26.99, -5952, -7312, 12704, 58, 72, -15
27.00, -6056, -7276, 12888, 53, 67, -19
27.02, -6068, -7228, 13080, 48, 60, -22
27.04, -6044, -7252, 13092, 45, 52, -26
27.06, -6012, -7296, 12848, 43, 36, -32
27.07, -6128, -7180, 12836, 44, 23, -38
27.09, -5980, -7216, 12912, 39, 10, -46
27.11, -5812, -7248, 12892, 36, 12, -43
27.13, -5636, -7428, 12804, 51, 22, -48
27.15, -5604, -7512, 12632, 52, 41, -58
27.16, -5844, -7548, 13028, 55, 49, -66
27.19, -5740, -7600, 13088, 64, 50, -74
27.20, -5884, -7624, 12896, 70, 47, -74
27.22, -5600, -7428, 13040, 71, 63, -78
27.24, -5532, -7328, 12804, 64, 82, -80
27.26, -5368, -7616, 12976, 80, 108, -71
27.27, -5520, -7752, 12944, 101, 119, -56
27.29, -5588, -7656, 12776, 109, 129, -58
27.31, -5744, -7252, 12956, 96, 121, -64
27.33, -5912, -7276, 13048, 85, 115, -71
27.35, -5692, -7500, 12664, 95, 107, -52
27.37, -5748, -7492, 12896, 97, 103, -32
27.39, -5912, -8000, 12640, 115, 99, -10
27.40, -6220, -7764, 12888, 117, 61, -5
27.42, -6476, -7556, 12864, 123, 15, 3
27.44, -6552, -7180, 12920, 122, -24, 18
27.46, -6288, -7212, 12920, 112, -58, 42
27.48, -6108, -7104, 12940, 92, -77, 56
27.49, -5844, -7080, 12968, 62, -78, 67
27.51, -5372, -7668, 12632, 68, -44, 93
27.53, -4952, -7560, 12760, 60, -12, 106
27.56, -5176, -7252, 12844, 34, 48, 110
27.57, -5364, -7200, 13056, 40, 83, 116
27.59, -5476, -7536, 12912, 49, 99, 118
27.61, -5828, -7480, 12928, 55, 101, 106
27.63, -5984, -7436, 12908, 66, 87, 88
27.65, -6148, -7232, 12920, 67, 61, 70
27.67, -6188, -7140, 12856, 64, 46, 62
27.69, -6248, -7092, 13080, 51, 23, 53
27.70, -6136, -7156, 13016, 56, 9, 39
27.72, -6044, -7232, 12868, 60, -2, 27
27.74, -5976, -7276, 12816, 64, -12, 8
27.76, -5924, -7208, 12824, 55, -27, -14
27.79, -5828, -7288, 12900, 66, -18, -23
27.82, -5668, -7312, 13020, 65, -13, -35
27.83, -5552, -7368, 13008, 62, 10, -39
27.85, -5588, -7288, 13052, 62, 27, -36
27.87, -5632, -7268, 13084, 67, 45, -33
27.89, -5760, -7244, 13036, 70, 55, -25
27.91, -5948, -7228, 13300, 69, 45, -17
27.92, -6048, -7264, 13132, 67, 42, -13
27.95, -6084, -7364, 13088, 70, 23, -1
27.97, -5860, -7352, 12812, 66, 8, 11
27.99, -5680, -7220, 12848, 66, 18, 0
28.00, -5632, -7184, 12852, 73, 28, 9
28.02, -5684, -7140, 12868, 67, 43, 8
28.04, -5752, -7228, 13244, 69, 52, 5
28.06, -5920, -7332, 13124, 75, 50, 8
28.07, -5924, -7336, 13188, 77, 41, 0
28.09, -5944, -7368, 13068, 75, 34, 1
28.11, -5836, -7328, 12884, 76, 21, -2
28.13, -5724, -7220, 13024, 77, 21, -256
28.15, -5780, -7060, 12988, 70, 19, -2
28.17, -5708, -7096, 12824, 77, 17, -6
28.19, -5708, -6932, 12888, 74, 14, -14
28.21, -5680, -7136, 12940, 72, 21, -16
28.22, -5692, -7168, 13144, 64, 27, -15
28.24, -5764, -7268, 13216, 71, 34, -13
28.26, -5852, -7216, 13168, 77, 21, -15
28.28, -5928, -7408, 13056, 74, 8, -16
28.30, -5776, -7060, 13028, 78, -1, -11
28.32, -5580, -7100, 12828, 77, -2, -9
28.33, -5576, -7324, 13172, 75, 254, -10
28.35, -5596, -7456, 13072, 64, 3, -9
28.37, -5624, -7372, 12992, 69, 16, -9
28.39, -5404, -7296, 13164, 67, 37, -16
28.41, -5456, -7084, 13212, 75, 49, -14
28.43, -5404, -7004, 13216, 76, 47, -14
28.45, -5708, -7112, 13060, 81, 39, -20
28.46, -5704, -7192, 13100, 75, 30, -18
28.49, -5656, -7180, 13000, 81, 23, -10
28.50, -5532, -7152, 13232, 74, 20, -3
28.52, -5672, -7084, 13348, 66, 11, 3
28.54, -5516, -7064, 13084, 65, 10, 0
28.56, -5564, -7076, 13092, 64, 13, -255
28.58, -5464, -7080, 13188, 60, 16, -2
28.60, -5488, -7180, 13028, 57, 21, -2
28.62, -5528, -7220, 13096, 61, 20, -4
28.63, -5492, -7292, 13260, 58, 31, 1
28.65, -5532, -7256, 13160, 57, 34, -12
28.67, -5432, -7228, 13164, 63, 34, -7
28.69, -5528, -7084, 13240, 57, 35, -13
28.71, -5544, -7024, 13156, 60, 38, -10
28.72, -5512, -7152, 13272, 54, 31, -6
28.75, -5448, -7340, 13160, 56, 41, -3
28.76, -5372, -7292, 13160, 57, 43, -3
28.78, -5124, -7252, 13224, 56, 50, 255
28.81, -5548, -7064, 13260, 70, 53, 11
28.82, -5596, -7004, 13284, 62, 57, 11
28.85, -5692, -6964, 13008, 64, 52, 7
28.86, -5640, -6996, 12800, 58, 36, 9
28.89, -5456, -7220, 12964, 61, 29, 8
28.90, -5472, -7144, 13164, 67, 35, 9
28.92, -5512, -7036, 13292, 58, 38, 11
28.94, -5532, -6996, 13088, 50, 41, 13
28.96, -5684, -7016, 13292, 50, 40, 9
28.98, -5632, -7204, 13032, 52, 35, 8
29.00, -5604, -7272, 12880, 49, 33, 16
29.02, -5540, -7204, 13248, 49, 31, 13
29.04, -5516, -7184, 13044, 51, 36, 4
29.06, -5544, -7188, 13040, 54, 37, 1
29.08, -5596, -7216, 13088, 51, 37, -6
29.09, -5664, -7204, 13208, 60, 37, -8
29.11, -5664, -7180, 13144, 60, 29, -15
29.13, -5416, -6916, 13084, 56, 23, -12
29.15, -5528, -7072, 12972, 53, 27, -9
29.17, -5528, -7060, 13244, 52, 28, -10
29.19, -5492, -7144, 13280, 59, 31, -8
29.21, -5420, -7256, 13160, 57, 33, -10
29.22, -5380, -7340, 13076, 57, 38, -7
29.24, -5356, -7244, 13100, 57, 50, -2
29.26, -5436, -7188, 13244, 64, 60, 4
29.28, -5512, -7092, 13204, 58, 65, 4
29.30, -5564, -7088, 13140, 63, 61, 10
29.32, -5564, -7048, 13124, 62, 53, 10
29.34, -5568, -7084, 13216, 61, 41, 7
29.35, -5492, -7096, 13020, 63, 38, 9
29.37, -5424, -7148, 12900, 60, 38, 10
29.39, -5404, -7116, 13152, 51, 39, 9
29.41, -5500, -7232, 13076, 48, 44, 7
29.42, -5540, -7336, 13364, 46, 48, 7
29.44, -5676, -7324, 13352, 53, 43, 4
29.46, -5648, -7192, 13100, 52, 37, 0
29.48, -5628, -7108, 13100, 53, 26, 6
29.50, -5484, -7124, 13116, 55, 18, 12
29.52, -5460, -7120, 13200, 51, 32, 12
29.53, -5424, -7152, 13092, 52, 32, 10
29.55, -5416, -7240, 13260, 48, 31, 9
29.57, -5368, -7408, 13080, 51, 38, 4
29.59, -5316, -7444, 12956, 58, 45, 3
29.60, -5288, -7228, 13108, 54, 64, 6
29.62, -5372, -7100, 13196, 55, 72, 12
29.64, -5644, -6980, 13236, 58, 80, 14
29.66, -5656, -7048, 13116, 62, 67, 14
29.68, -5628, -7024, 12876, 61, 54, 9
29.70, -5512, -7152, 12892, 59, 54, 9
29.73, -5548, -7068, 13228, 52, 43, 8
29.75, -5668, -7160, 13280, 47, 46, 10
29.77, -5668, -7156, 13436, 50, 41, 9
29.78, -5380, -7104, 13296, 47, 38, 3
29.80, -5608, -7080, 13236, 48, 33, 8
29.82, -5652, -7152, 13136, 43, 24, 17
29.84, -5480, -7420, 13000, 48, 28, 16
29.85, -5464, -7196, 13092, 53, 28, 18
29.87, -5388, -7252, 13084, 50, 44, 20
29.89, -5436, -7188, 13352, 43, 50, 14
29.91, -5488, -7376, 13152, 38, 55, 14
29.92, -5516, -7360, 13012, 48, 59, 12
29.94, -5468, -7228, 13028, 44, 67, 14
29.96, -5604, -7084, 13188, 56, 69, 20
29.99, -5692, -6988, 13088, 59, 61, 25
