0.00, -5388, -1268, 15164, 74, 59, 3
0.14, -5348, -1724, 14656, -1, 43, 92
0.22, -4944, -1212, 14884, 38, -256, 77
0.29, -5056, -1340, 15212, 70, 25, 60
0.32, -4228, -1340, 14872, 80, 72, 44
0.35, -4968, -1420, 14704, 63, 142, 16
0.37, -5232, -1628, 14164, 42, 128, 9
0.39, -5220, -1528, 14168, 12, 114, 31
0.42, -5648, -1724, 14756, -1, 71, 36
0.45, -5672, -1372, 14992, 20, -19, 53
0.49, -4980, -1212, 14932, 44, -50, 41
0.52, -5356, -960, 15836, 34, -14, 37
0.54, -4940, -1424, 15368, 67, -4, 31
0.56, -4376, -1352, 14976, 83, 43, 25
0.59, -4100, -1452, 14668, 89, 102, 7
0.61, -5028, -1544, 14512, 72, 135, -15
0.63, -5312, -1636, 14332, 46, 131, -15
0.65, -5296, -1524, 14480, 7, 106, 3
0.68, -5752, -1628, 14732, 8, 79, 28
0.70, -5880, -1596, 15164, 19, 23, 39
0.72, -5584, -1352, 15108, 34, -13, 39
0.74, -5104, -1280, 15020, 49, -25, 29
0.77, -5264, -956, 15112, 44, -12, 28
0.79, -5396, -1228, 15460, 53, 1, 23
0.80, -5020, -1440, 15344, 79, 16, 13
0.83, -4508, -1348, 14796, 91, 51, 10
0.84, -4436, -1480, 14656, 97, 90, -5
0.86, -4908, -1476, 14520, 86, 116, -32
0.89, -5364, -1684, 14192, 59, 105, -16
0.92, -5500, -1560, 14364, 20, 82, -3
0.94, -5608, -1584, 14896, 5, 53, 12
0.96, -5752, -1564, 14896, 25, 16, 25
0.98, -5636, -1276, 15100, 25, -22, 34
1.00, -5276, -1276, 15272, 45, -30, 32
1.02, -4960, -1024, 15108, 51, -21, 39
1.04, -5132, -1084, 15552, 48, 7, 30
1.06, -5208, -1448, 15252, 74, 8, 17
1.08, -4708, -1460, 15184, 92, 37, 23
1.10, -4348, -1348, 14756, 98, 77, 16
1.12, -4628, -1516, 14420, 91, 124, -9
1.14, -5244, -1568, 14496, 71, 122, -19
1.16, -5332, -1712, 14408, 50, 107, -1
1.17, -5412, -1576, 14364, 21, 99, 11
1.19, -5592, -1676, 14708, 17, 72, 30
1.21, -5864, -1556, 14876, 10, 38, 48
1.24, -5776, -1372, 15064, 27, -31, 68
1.26, -5360, -1156, 15124, 34, -50, 59
1.28, -4968, -1096, 14892, 49, -32, 63
1.29, -5308, -900, 15464, 34, -12, 60
1.32, -5324, -1244, 15124, 39, -4, 38
1.33, -4900, -1480, 15072, 65, 11, 41
1.36, -4384, -1216, 14748, 77, 62, 44
1.38, -4708, -1476, 14648, 71, 90, 22
1.39, -5220, -1596, 14668, 65, 99, 1
1.41, -5452, -1608, 14304, 43, 88, 6
1.43, -5604, -1696, 14184, 28, 66, 21
1.45, -5400, -1684, 14636, 3, 72, 42
1.47, -5564, -1652, 14844, 7, 48, 62
1.49, -5704, -1552, 15276, 19, 14, 71
1.50, -5552, -1244, 15032, 21, -9, 92
1.52, -5348, -1152, 15212, 26, -19, 99
1.54, -5016, -1316, 14980, 46, -24, 102
1.56, -4812, -1140, 15224, 61, -6, 106
1.58, -5244, -1284, 15348, 64, 34, 89
1.60, -5256, -1624, 15404, 102, 34, 84
1.62, -4868, -1356, 15280, 126, 55, 95
1.63, -4708, -1260, 15156, 137, 62, 112
1.65, -4904, -1368, 14864, 157, 73, 123
1.67, -5064, -1388, 15208, 134, 81, 158
1.69, -4748, -1352, 14812, 97, 84, 236
1.71, -4220, -1460, 14684, 111, 101, 297
1.72, -4256, -1184, 14032, 127, 123, 326
1.75, -5048, -760, 13852, 173, 163, 329
1.77, -5036, -264, 13176, 182, 204, 314
1.78, -6356, -572, 13200, 194, 121, 334
1.80, -7384, -172, 14212, 158, 67, 346
1.82, -8212, 668, 15512, 38, 73, 316
1.84, -8032, 284, 16612, -9, 3, 314
1.86, -6776, -184, 16516, -12, -21, 341
1.88, -6136, -776, 15776, -41, -50, 343
1.90, -6164, -2048, 14868, 67, -57, 288
1.92, -5780, -1476, 14624, 102, -16, 281
1.94, -5284, -1760, 13172, 147, -63, 319
1.95, -5236, -1400, 13148, 150, -255, 360
1.98, -6016, -816, 14504, 79, 70, 389
2.00, -7036, 96, 16404, -27, 89, 328
2.02, -5652, 344, 17556, -17, 129, 239
2.03, -2708, 1388, 15448, 23, 158, 160
2.05, -2880, 1556, 15124, 31, 209, 59
2.07, -3788, 1100, 14828, 39, 340, -24
2.09, -4920, 800, 13804, 32, 436, -47
2.11, -6460, 376, 13560, -20, 401, -27
2.13, -6888, -116, 13208, -14, 283, 18
2.15, -7672, -580, 13320, -59, 136, 77
2.16, -8164, -100, 13984, -153, -18, 113
2.18, -7048, -1192, 13292, -172, -154, 181
2.20, -5396, -1532, 13916, -117, -222, 259
2.22, -5524, -932, 16380, -188, -316, 324
2.24, -4848, -1740, 16548, -182, -285, 407
2.25, -4336, -1800, 16028, -160, -186, 469
2.28, -4756, -1012, 16380, -110, -165, 553
2.29, -4048, -100, 16012, -79, -168, 687
2.31, -3608, -444, 16020, -22, -181, 811
2.33, -3580, -336, 15836, 58, -218, 973
2.35, -3968, -148, 15444, 46, -189, 1071
2.37, -3652, -816, 15064, 66, -137, 1149
2.39, -2508, -1080, 14176, 132, -15, 1208
2.40, -1432, -1564, 13976, 232, 102, 1258
2.42, -936, -1324, 14228, 376, 285, 1334
2.44, -388, 60, 13948, 334, 415, 1393
2.46, 48, 2288, 16116, 100, 545, 1485
2.48, -1124, 1924, 15688, -154, 680, 1526
2.49, -4300, -192, 14992, -91, 854, 1421
2.51, -6960, 2328, 17356, -183, 693, 1386
2.53, -7152, 1892, 15620, -261, 561, 1434
2.55, -6736, 1732, 15184, -238, 455, 1488
2.57, -6824, 1456, 14812, -269, 344, 1500
2.59, -7036, 1180, 14496, -269, 284, 1474
2.60, -7896, 1416, 14412, -284, 287, 1391
2.62, -8780, 1048, 14788, -259, 245, 1301
2.64, -8972, 1240, 14556, -247, 150, 1163
2.66, -9080, 1216, 14376, -225, 46, 1004
2.68, -9800, 1280, 14092, -280, -112, 828
2.70, -9144, 1016, 13320, -298, -179, 742
2.72, -8392, 900, 13312, -331, -244, 663
2.74, -8136, 928, 13436, -359, -299, 579
2.76, -7260, 1356, 13532, -392, -318, 488
2.78, -6612, 1604, 13340, -381, -349, 401
2.81, -4960, 1784, 13796, -336, -169, 287
2.83, -5284, 1640, 14068, -308, -73, 196
2.85, -5860, 1312, 14088, -287, 17, 146
2.86, -6164, 1292, 14436, -283, 99, 120
2.88, -6628, 720, 14252, -264, 141, 108
2.90, -6984, 68, 14644, -200, 166, 112
2.92, -7120, 396, 14656, -182, 150, 140
2.94, -7120, 8, 14688, -178, 90, 195
2.95, -7260, -148, 14492, -156, 44, 248
2.98, -7592, 12, 14476, -118, -46, 305
2.99, -7512, 16, 14296, -65, -164, 345
3.01, -6524, 716, 14444, -26, -199, 337
3.03, -5660, 836, 14420, 5, -231, 299
3.05, -4972, 1000, 13996, 38, -175, 243
3.07, -5252, 628, 14552, 72, -112, 220
3.09, -5576, 668, 14904, 74, -88, 181
3.10, -5940, 444, 14820, 50, -99, 139
3.12, -6220, -268, 14588, 47, -123, 141
3.14, -6188, 328, 15592, -13, -84, 143
3.16, -4936, 960, 16096, -117, 28, 167
3.17, -4056, 1164, 15688, -129, 90, 189
3.19, -3512, 916, 15272, -119, 138, 181
3.21, -4552, -264, 14364, -65, 206, 154
3.23, -5244, 176, 14968, -51, 198, 150
3.25, -5604, 164, 14836, -59, 120, 149
3.27, -5856, 1016, 15164, -90, 81, 149
3.29, -6156, 736, 15260, -123, 46, 151
3.30, -5912, -40, 14724, -128, -28, 172
3.32, -4980, -356, 14508, -113, -33, 188
3.34, -4460, -648, 14516, -102, -3, 185
3.36, -3980, -792, 14108, -103, 80, 202
3.38, -3016, -2208, 12308, 79, 274, 282
3.40, -2956, -1232, 13476, 308, 399, 338
3.42, -3352, -196, 15584, 260, 447, 289
3.44, -4368, -172, 16516, 183, 454, 253
3.46, -5728, -84, 17104, 95, 386, 223
3.48, -5400, -12, 16692, 86, 343, 251
3.49, -5820, -208, 16392, 67, 509, 282
3.51, -5808, -692, 14692, 64, 185, 298
3.53, -4552, -1052, 13040, 193, 209, 357
3.55, -3708, -756, 12716, 330, 239, 460
3.57, -3136, 284, 13920, 358, 280, 562
3.59, -4088, 3568, 18160, -146, 427, 592
3.61, -6888, -384, 13096, -134, 587, 516
3.63, -8852, 1688, 16052, -115, 550, 400
3.65, -9728, 2224, 15404, -146, 370, 332
3.67, -9592, 2040, 13700, -127, 234, 290
3.68, -9372, 2368, 13608, -142, 122, 282
3.70, -9528, 1796, 13716, -145, -33, 285
3.72, -8968, 1636, 12976, -158, -137, 280
3.74, -8932, 1088, 12836, -174, -250, 252
3.76, -8864, 1196, 13348, -191, -331, 219
3.78, -8160, 1384, 13616, -210, -410, 200
3.80, -7500, 1488, 13652, -231, -415, 188
3.82, -6828, 1312, 13944, -250, -370, 162
3.85, -5992, 816, 14828, -238, -266, 118
3.87, -5792, 644, 14692, -197, -156, 107
3.90, -5920, 328, 14580, -164, -99, 106
3.92, -5920, 208, 14436, -141, -21, 91
3.94, -6424, 56, 14624, -120, 14, 75
3.95, -6552, -108, 14716, -87, 4, 58
3.98, -6460, -220, 14484, -42, -256, 58
4.00, -6388, 200, 14576, -13, 7, 62
4.02, -6124, 232, 14468, -1, 13, 65
4.03, -6028, 84, 14500, 10, 12, 45
4.05, -5772, -76, 14616, 42, 29, 30
4.07, -5504, -100, 14700, 73, 48, 23
4.09, -5776, 196, 14744, 78, 79, 19
4.11, -6172, 148, 15016, 83, 124, 15
4.12, -6120, 164, 14680, 79, 130, 0
4.15, -5788, 400, 14656, 63, 149, -35
4.16, -5944, 156, 14768, 79, 166, -42
4.18, -5908, 184, 14504, 106, 168, -52
4.20, -6356, 196, 14496, 114, 164, -72
4.22, -6388, 284, 14540, 108, 152, -90
4.23, -6536, -248, 14324, 99, 138, -103
4.25, -6432, -284, 14232, 81, 106, -111
4.27, -6256, -100, 14540, 60, 85, -115
4.29, -6700, -16, 14548, 57, 72, -107
4.31, -6636, 360, 14536, 57, 23, -95
4.33, -6536, 404, 14600, 49, -7, -95
4.35, -6360, 280, 14752, 51, -43, -107
4.36, -5948, 236, 14820, 58, -65, -113
4.38, -5992, 444, 14904, 38, -50, -114
4.40, -6256, 260, 15128, 32, -27, -104
4.42, -5936, 44, 14892, 40, -20, -102
4.44, -5592, 16, 14692, 46, 255, -99
4.45, -5536, -84, 14640, 66, 16, -103
4.47, -5412, -316, 14504, 76, 50, -113
4.49, -6124, -472, 14444, 71, 78, -119
4.51, -5992, -540, 14280, 60, 72, -96
4.53, -6036, -408, 14380, 37, 73, -60
4.55, -6208, -272, 14540, 40, 63, -39
4.56, -6320, -72, 14552, 46, 39, -22
4.58, -6160, 8, 14656, 52, 20, -19
4.60, -5988, 36, 14888, 57, 5, -20
4.62, -5748, -48, 14816, 66, -7, -18
4.64, -5864, 292, 15024, 54, 5, -7
4.66, -6392, 12, 15296, 57, 45, -2
4.68, -5772, -44, 14884, 55, 63, 3
4.70, -5596, -104, 14712, 64, 86, 7
4.71, -5440, -300, 14388, 84, 130, -24
4.75, -6292, -480, 14160, 69, 132, -25
4.77, -6228, -660, 14160, 50, 108, -15
4.79, -6132, -420, 14168, 38, 99, 0
4.81, -6208, -352, 14512, 35, 84, 22
4.83, -6728, -188, 14504, 36, 64, 39
4.85, -6536, 156, 14824, 36, 18, 43
4.87, -6156, 112, 14748, 45, -5, 30
4.88, -5928, -56, 14928, 60, -19, 20
4.90, -5848, 132, 14968, 68, -5, 19
4.92, -6208, 132, 15196, 56, 44, 8
4.94, -6008, -124, 14664, 53, 77, -4
4.96, -5780, -140, 14616, 69, 91, -12
4.98, -5776, -156, 14436, 84, 111, -33
5.00, -6116, -220, 14200, 84, 131, -47
5.01, -6576, -276, 14116, 69, 126, -52
5.03, -6524, -480, 14288, 68, 105, -43
5.05, -6564, -444, 14308, 57, 83, -29
5.07, -6664, -376, 14336, 37, 85, -11
5.08, -6752, -324, 14572, 34, 60, 1
5.10, -6704, -164, 14520, 41, 35, 15
5.12, -6704, 52, 14716, 42, 6, 16
5.14, -6656, 76, 14804, 51, -3, 10
5.16, -5952, 12, 14880, 64, -14, -1
5.18, -5948, 220, 15048, 59, 19, 255
5.20, -6188, 76, 14912, 51, 58, -6
5.21, -6140, -100, 14728, 67, 95, -2
5.23, -5692, -96, 14456, 91, 117, -5
5.25, -5828, -152, 14380, 106, 137, -20
5.27, -6256, -288, 14212, 111, 160, -36
5.29, -6668, -480, 14168, 110, 159, -53
5.31, -6608, -396, 14016, 97, 125, -54
5.32, -6544, -200, 14132, 81, 114, -43
5.35, -6988, -328, 14300, 65, 80, -33
5.36, -7204, -124, 14460, 68, 39, -37
5.38, -7196, 248, 14656, 57, -12, -44
5.40, -6872, 272, 14724, 57, -57, -59
5.42, -6272, 208, 14828, 58, -82, -74
5.44, -6420, 188, 15076, 43, -53, -79
5.45, -6636, -68, 15004, 36, -30, -84
5.48, -5792, -184, 14520, 61, 14, -73
5.50, -5600, -484, 14388, 85, 55, -74
5.51, -5828, -216, 14304, 99, 92, -80
5.53, -6244, -400, 14164, 102, 118, -85
5.55, -6460, -540, 14068, 91, 109, -88
5.57, -6340, -372, 14064, 71, 105, -67
5.58, -6616, -408, 14344, 55, 89, -43
5.60, -7000, -380, 14488, 49, 69, -30
5.62, -6960, -60, 14624, 55, 29, -21
5.64, -6724, 52, 14756, 58, -6, -19
5.66, -6276, -132, 14764, 63, -36, -22
5.68, -6376, 192, 14908, 54, -23, -32
5.70, -6672, 16, 15336, 50, 8, -33
5.72, -6268, -148, 14688, 63, 26, -28
5.73, -5720, -260, 14468, 90, 53, -20
5.75, -5672, -316, 14260, 105, 87, -28
5.77, -6216, -580, 14272, 110, 122, -57
5.80, -6256, -216, 13884, 78, 121, -47
5.81, -6652, -360, 14304, 58, 108, -19
5.83, -7072, -492, 14436, 49, 71, -1
5.85, -7248, 36, 14528, 43, 8, -7
5.87, -6992, 20, 14632, 41, -30, -22
5.89, -6380, -72, 14632, 46, -61, -35
5.91, -6516, 260, 14896, 29, -48, -37
5.93, -6592, -40, 15180, 29, -27, -19
5.95, -6096, -272, 14664, 44, -3, -11
5.96, -5648, -308, 14612, 72, 35, -6
5.98, -5580, -336, 14356, 102, 77, -11
6.00, -5876, -252, 14136, 100, 107, -21
6.02, -6532, -480, 14220, 99, 115, -41
6.03, -6556, -356, 13960, 79, 94, -26
6.05, -6780, -296, 14312, 45, 72, -18
6.07, -7224, -284, 14400, 43, 50, -15
6.09, -7336, -256, 14428, 47, 4, -32
6.11, -7004, 112, 14536, 46, -75, -36
6.13, -6412, 144, 14516, 43, -110, -41
6.14, -6508, 428, 14944, 21, -122, -44
6.16, -6408, 336, 15384, 4, -96, -30
6.18, -6188, 132, 14940, 7, -76, -13
6.20, -5648, -44, 14692, 19, -49, 5
6.22, -5556, -436, 14420, 42, -16, 3
6.23, -5764, -696, 14172, 62, 19, -16
6.25, -6028, -520, 13848, 51, 27, -33
6.27, -6192, -232, 14164, 11, 26, -15
6.29, -6444, -372, 14328, -2, -3, 17
6.31, -6720, -364, 14484, -11, -45, 36
6.33, -6688, -108, 14648, -17, -96, 44
6.35, -6300, -176, 14756, -22, -141, 33
6.36, -6020, -136, 15012, -17, -172, 28
6.38, -6216, 16, 15200, -50, -153, 30
6.40, -6176, -308, 15348, -64, -144, 41
6.42, -5480, -564, 15036, -30, -104, 54
6.43, -5068, -544, 14680, 13, -51, 60
6.45, -5080, -816, 14648, 46, 12, 37
6.47, -5304, -608, 14116, 35, 24, 28
6.49, -5540, -616, 14080, 12, 39, 27
6.51, -6036, -736, 14428, -2, 33, 28
6.53, -6232, -552, 14508, -5, -7, 38
6.55, -6252, -428, 14672, -9, -51, 35
6.56, -6028, -496, 14940, -7, -95, 20
6.58, -6036, -228, 14992, -16, -134, 6
6.60, -6200, -124, 15460, -38, -117, -14
6.62, -6112, -348, 15556, -39, -123, -20
6.63, -5352, -624, 14844, 33, -40, 1
6.67, -5100, -964, 14480, 58, 27, -2
6.69, -5228, -972, 14320, 63, 52, -9
6.71, -5304, -580, 14472, 25, 81, 4
6.72, -5728, -584, 14636, 2, 79, 20
6.74, -5832, -648, 14876, -3, 45, 20
6.76, -5840, -656, 14868, -10, 23, 6
6.78, -5684, -520, 14956, -3, -33, -10
6.80, -5840, -448, 14732, -18, -62, -34
6.82, -6128, -292, 15392, -35, -50, -43
6.83, -6212, -880, 15036, -34, -83, -39
6.85, -5676, -1012, 14848, 7, -74, -31
6.87, -5088, -896, 14740, 36, -62, -22
6.88, -5116, -1212, 14540, 60, -16, -40
6.90, -5164, -1024, 14388, 54, -11, -59
6.92, -5240, -880, 14296, 38, -2, -59
6.94, -5424, -1048, 14692, 32, 4, -63
6.96, -5496, -884, 14776, 37, -18, -66
6.98, -5352, -880, 14980, 31, -47, -63
7.00, -5204, -1056, 14996, 43, -71, -70
7.01, -5228, -548, 15056, 24, -85, -78
7.03, -5352, -676, 15488, -254, -56, -72
7.05, -5152, -1072, 15208, 29, -29, -53
7.07, -4536, -1224, 15092, 85, 15, -24
7.09, -4364, -1192, 14700, 110, 65, -17
7.11, -5008, -1264, 14656, 115, 106, -36
7.13, -5268, -1012, 14444, 98, 105, -42
7.15, -5296, -852, 14416, 77, 84, -35
7.16, -5544, -912, 14544, 62, 69, -23
7.18, -5876, -868, 15008, 63, 42, -20
7.20, -5420, -744, 14776, 50, 1, -15
7.22, -5088, -832, 14932, 52, -17, -13
7.24, -5028, -604, 15232, 52, -36, -2
7.25, -5244, -560, 15612, 22, -5, 2
7.27, -5392, -1060, 15560, 13, 7, 9
7.29, -4644, -1092, 14848, 51, 35, 43
7.31, -4332, -1076, 14880, 83, 85, 44
7.33, -4820, -1256, 14784, 107, 116, 15
7.35, -5148, -1004, 14272, 86, 116, 7
7.37, -5412, -836, 14500, 68, 102, 15
7.38, -5704, -880, 14728, 63, 75, 25
7.40, -5848, -840, 14920, 50, 37, 29
7.42, -5560, -732, 14800, 46, -256, 16
7.44, -5368, -972, 15196, 39, -40, 4
7.46, -5300, -728, 15076, 29, -65, -14
7.48, -5548, -824, 15372, 20, -53, -29
7.49, -5516, -1104, 15432, 31, -42, -32
7.51, -5088, -1012, 15116, 58, -30, -25
7.53, -4632, -812, 14936, 81, 3, -12
7.55, -4664, -896, 14776, 87, 30, -10
7.57, -4948, -1000, 14576, 82, 55, -11
7.58, -4980, -848, 14376, 65, 63, 3
7.60, -5032, -808, 14568, 45, 63, 16
7.62, -5328, -848, 14732, 22, 61, 44
7.64, -5392, -820, 15000, 18, 23, 51
7.66, -5236, -912, 14908, 15, 9, 52
7.68, -5044, -1028, 15100, 32, -16, 47
7.70, -5224, -700, 15168, 26, -28, 42
7.72, -5500, -792, 15572, 20, -7, 35
7.74, -5048, -1104, 15328, 40, -6, 43
7.76, -4404, -1044, 15064, 85, 42, 57
7.78, -4480, -880, 14784, 91, 82, 49
7.80, -4700, -1120, 14584, 98, 118, 33
7.81, -4884, -1044, 14160, 91, 135, 31
7.83, -5116, -768, 14356, 63, 130, 39
7.85, -5156, -960, 14676, 50, 111, 52
7.87, -5644, -828, 14844, 33, 77, 63
7.88, -5648, -696, 14824, 34, 33, 65
7.90, -5504, -744, 15028, 20, 4, 66
7.92, -5120, -676, 15252, 28, -37, 61
7.94, -5308, -456, 15308, 9, -29, 58
7.96, -5628, -516, 15488, -6, -17, 56
7.98, -4816, -944, 15224, 18, 26, 65
8.00, -4372, -940, 14880, 50, 54, 68
8.01, -4396, -824, 14560, 71, 100, 50
8.03, -4996, -1364, 14444, 88, 127, 24
8.05, -5144, -1060, 14416, 77, 134, 31
8.07, -5228, -948, 14608, 53, 120, 40
8.09, -5536, -1032, 14700, 42, 92, 42
8.11, -5888, -936, 14860, 38, 60, 46
8.13, -5460, -832, 15116, 35, 35, 46
8.15, -5276, -824, 15104, 40, 23, 34
8.16, -4980, -764, 15304, 57, 11, 33
8.18, -5604, -444, 15352, 52, 34, 23
8.20, -5624, -724, 15556, 39, 36, 20
8.22, -5276, -968, 15012, 61, 47, 21
8.23, -4768, -836, 14720, 86, 75, 21
8.25, -4856, -940, 14400, 96, 108, -5
8.27, -5332, -1216, 14500, 98, 128, -27
8.29, -5460, -956, 14244, 79, 127, -30
8.31, -5444, -868, 14400, 55, 104, -8
8.33, -5792, -1048, 14644, 44, 81, -3
8.35, -5856, -972, 14868, 45, 49, 0
8.36, -5672, -760, 14996, 40, 8, 3
8.38, -5416, -768, 15188, 48, -5, 4
8.40, -5116, -860, 15272, 59, -27, -7
8.42, -5376, -496, 15308, 53, -3, -12
8.43, -5416, -652, 15596, 41, 21, -22
8.45, -5052, -956, 15352, 58, 38, -15
8.47, -4672, -868, 14856, 98, 84, -12
8.49, -4656, -888, 14356, 109, 117, -31
8.51, -5256, -1016, 14400, 107, 135, -57
8.53, -5600, -1108, 14092, 96, 119, -66
8.55, -5600, -956, 14484, 77, 101, -26
8.59, -5988, -800, 14788, 37, 51, -16
8.61, -5732, -664, 15028, 49, 7, -17
8.63, -5452, -820, 15148, 47, -9, -19
8.65, -5052, -816, 15276, 57, -6, -33
8.66, -5024, -564, 15228, 77, 4, -29
8.68, -5540, -672, 15432, 66, 33, -34
8.70, -5564, -908, 15268, 69, 42, -31
8.72, -5108, -796, 15076, 92, 58, -28
8.74, -4940, -692, 14720, 111, 88, -20
8.75, -5136, -716, 14444, 109, 108, -33
8.78, -5440, -1068, 14372, 99, 119, -49
8.79, -5720, -1000, 14320, 85, 97, -49
8.81, -5592, -772, 14468, 60, 86, -39
8.83, -5640, -860, 14644, 41, 71, -13
8.85, -5636, -808, 14772, 38, 33, -3
8.87, -5852, -680, 15116, 41, 11, -2
8.89, -5476, -576, 15104, 47, -6, -8
8.91, -5116, -680, 15020, 62, -16, -15
8.93, -5364, -560, 15240, 62, 9, -6
8.95, -5640, -644, 15460, 58, 30, -5
8.96, -5384, -728, 15264, 64, 46, -10
8.98, -4972, -764, 14820, 85, 70, -7
9.00, -5004, -756, 14444, 101, 83, -13
9.02, -5436, -800, 14300, 99, 96, -29
9.04, -5840, -992, 14256, 89, 85, -32
9.05, -5600, -888, 14284, 70, 75, -13
9.08, -5560, -788, 14660, 38, 61, 2
9.10, -5736, -776, 14696, 25, 49, 15
9.11, -5880, -684, 15024, 24, 22, 21
9.13, -5568, -696, 15096, 37, 2, 25
9.15, -5376, -656, 15152, 38, 2, 13
9.17, -5132, -672, 15164, 52, 2, 13
9.19, -5460, -428, 15272, 52, 18, 16
9.21, -5688, -712, 15264, 50, 34, 17
9.23, -5340, -744, 14936, 63, 43, 16
9.25, -4944, -1016, 14812, 84, 67, 20
9.26, -5188, -756, 14472, 94, 90, 18
9.28, -5620, -944, 14428, 94, 103, -255
9.30, -6136, -900, 14252, 68, 87, -7
9.32, -5580, -740, 14284, 43, 67, 15
9.34, -5692, -860, 14568, 28, 36, 29
9.36, -5984, -656, 14896, 25, 9, 40
9.38, -5848, -576, 15196, 20, -15, 33
9.40, -5388, -612, 15008, 19, -29, 22
9.42, -5128, -504, 15304, 34, -25, 22
9.44, -5588, -564, 15664, 33, 18, 26
9.45, -5488, -528, 15436, 34, 46, 35
9.47, -4996, -948, 15052, 63, 74, 37
9.49, -4988, -940, 14612, 92, 101, 24
9.51, -5456, -980, 14368, 100, 110, 5
9.53, -5784, -1028, 14184, 90, 100, -10
9.55, -5928, -1244, 14284, 73, 80, -2
9.57, -5684, -544, 14340, 36, 63, 18
9.58, -5668, -776, 14624, 20, 35, 27
9.61, -5972, -716, 14828, 22, 5, 38
9.62, -5780, -660, 15120, 21, -22, 18
9.65, -5196, -800, 15144, 43, -23, 17
9.67, -5548, -516, 15596, 40, -2, 12
9.69, -5712, -644, 15452, 31, 29, 11
9.71, -5280, -872, 14864, 53, 54, 15
9.73, -4976, -800, 14676, 89, 82, 19
9.75, -5272, -832, 14352, 96, 103, 2
9.77, -5712, -996, 14388, 94, 106, -21
9.78, -5840, -1048, 14232, 79, 89, -18
9.81, -5684, -824, 14124, 46, 62, 8
9.82, -5724, -880, 14512, 28, 48, 22
9.84, -5912, -792, 14744, 21, 23, 27
9.86, -5868, -612, 14964, 17, -4, 24
9.88, -5484, -748, 15072, 31, -10, 6
9.90, -5064, -700, 15272, 46, -11, 3
9.92, -5548, -532, 15152, 41, 13, 4
9.94, -5856, -644, 15608, 36, 39, 12
9.95, -5404, -896, 15332, 59, 54, 20
9.98, -5024, -796, 14592, 91, 84, 14
10.00, -5316, -872, 14384, 100, 104, -5
10.01, -5620, -988, 14360, 104, 106, -25
10.03, -5916, -1128, 14324, 95, 92, -36
10.05, -5740, -840, 14240, 60, 73, -20
10.07, -5744, -828, 14520, 35, 56, -2
10.08, -6032, -820, 14696, 31, 29, 1
10.10, -5964, -660, 14912, 35, -12, 7
10.12, -5612, -720, 15104, 35, -29, -7
10.14, -5124, -672, 15344, 46, -27, -12
10.16, -5420, -416, 15352, 45, -5, -7
10.18, -5708, -292, 15496, 33, 38, 3
10.20, -5432, -860, 15164, 51, 56, 1
10.21, -4992, -864, 14776, 79, 82, 12
10.23, -4984, -872, 14304, 104, 114, -5
10.25, -5536, -1076, 14348, 118, 128, -29
10.27, -6128, -1108, 14300, 105, 104, -45
10.29, -5676, -648, 14260, 52, 78, -13
10.32, -6056, -856, 14360, 45, 61, -2
10.34, -6220, -844, 14744, 45, 34, 6
10.35, -5868, -536, 15000, 33, -3, 1
10.37, -5432, -652, 14948, 46, 0, -11
10.39, -5124, -596, 15212, 59, 6, -13
10.41, -5836, -488, 15376, 49, 41, -17
10.43, -5916, -672, 15360, 48, 46, -26
10.45, -5352, -844, 14860, 79, 73, -16
10.47, -5100, -804, 14616, 111, 98, -21
10.50, -5760, -1020, 14352, 135, 120, -45
10.52, -6108, -1064, 14228, 117, 95, -60
10.54, -5696, -696, 14292, 74, 60, -46
10.55, -5648, -784, 14572, 48, 51, -33
10.58, -6308, -724, 14616, 43, 18, -30
10.60, -6084, -540, 14908, 33, -22, -40
10.61, -5872, -288, 15008, 27, -33, -42
10.63, -5088, -616, 15140, 42, -29, -42
10.65, -5572, -356, 15320, 25, -1, -40
10.67, -5904, -700, 15656, 22, 40, -26
10.69, -5384, -960, 15120, 67, 76, -7
10.71, -5024, -928, 14748, 115, 108, 3
10.73, -5140, -960, 14580, 137, 134, -5
10.75, -5952, -944, 14428, 136, 146, -26
10.76, -5940, -864, 14124, 120, 114, -29
10.78, -5692, -628, 14124, 81, 96, -8
10.80, -6012, -556, 14472, 59, 75, 6
10.82, -6264, -732, 14588, 58, 50, 8
10.83, -6164, -540, 14720, 52, 4, 0
10.85, -5956, -464, 15044, 43, -9, -17
10.87, -5436, -492, 15068, 49, -24, -19
10.89, -5636, -232, 15544, 21, 2, -20
10.91, -5900, -648, 15276, 12, 22, -18
10.93, -5404, -896, 14944, 49, 63, -256
10.95, -4972, -876, 14700, 94, 96, 12
10.97, -5264, -692, 14432, 113, 123, 11
10.98, -5444, -520, 14276, 112, 145, 2
11.00, -6248, -1000, 14300, 106, 119, -18
11.02, -5908, -792, 14152, 84, 95, -4
11.04, -6076, -800, 14564, 62, 68, 10
11.06, -6300, -768, 14692, 52, 37, 10
11.08, -6312, -744, 14952, 50, 2, -1
11.10, -5896, -516, 14924, 52, -17, -16
11.12, -5488, -480, 14976, 52, -29, -30
11.14, -6080, -296, 15592, 37, -5, -31
11.16, -5920, -544, 15156, 34, 6, -21
11.18, -5292, -740, 14788, 62, 51, -8
11.20, -5048, -768, 14544, 98, 83, -255
11.21, -5408, -680, 14576, 108, 117, 0
11.23, -5852, -760, 14376, 99, 127, -14
11.25, -6060, -884, 14296, 94, 111, -24
11.27, -6076, -668, 14280, 65, 86, -14
11.29, -6128, -728, 14488, 42, 54, -2
11.31, -6284, -784, 14648, 45, 40, 1
11.33, -6164, -564, 14780, 50, 7, 255
11.35, -5932, -556, 14908, 48, -14, -14
11.36, -5528, -728, 15012, 56, -23, -22
11.38, -5732, -480, 15104, 57, -2, -24
11.40, -6120, -500, 15460, 48, 18, -19
11.42, -5688, -704, 15124, 72, 42, -7
11.44, -5188, -716, 14636, 105, 86, 8
11.46, -5408, -604, 14252, 113, 109, 1
11.48, -5684, -576, 14412, 108, 128, -5
11.49, -6052, -748, 14272, 105, 117, -10
11.51, -6144, -740, 13944, 85, 86, -9
11.53, -6072, -660, 14468, 50, 71, 6
11.56, -6156, -492, 14580, 35, 52, 6
11.58, -6388, -436, 14796, 27, 8, -5
11.60, -6056, -544, 14888, 27, -15, -22
11.61, -5716, -660, 14596, 25, -27, -27
11.63, -5828, -420, 15060, 27, -28, -24
11.65, -6080, -408, 15284, 26, -10, -16
11.66, -5904, -644, 15048, 35, 11, 2
11.68, -5440, -712, 14948, 68, 43, 16
11.70, -5260, -520, 14524, 89, 69, 23
11.72, -5412, -952, 14452, 114, 96, 25
11.74, -5988, -932, 14224, 82, 98, 12
11.76, -5744, -688, 14108, 56, 82, 19
11.78, -6004, -516, 14424, 44, 80, 24
11.79, -6336, -720, 14604, 52, 66, 21
11.81, -6312, -768, 14648, 54, 34, 4
11.83, -6128, -516, 14776, 55, 15, -5
11.85, -5700, -396, 14936, 59, -3, -13
11.87, -6240, -376, 15360, 50, 21, -5
11.89, -6300, -404, 15156, 36, 27, 16
11.91, -5520, -624, 14788, 61, 54, 39
11.93, -5192, -608, 14464, 92, 81, 46
11.95, -5716, -844, 14468, 112, 119, 27
11.97, -5972, -948, 14020, 101, 121, 22
11.98, -5852, -684, 14004, 71, 102, 22
12.00, -6136, -676, 14304, 53, 92, 23
12.02, -6556, -628, 14600, 55, 72, 16
12.04, -6588, -224, 14644, 33, 14, 2
12.06, -6188, -308, 14716, 34, -12, -12
12.08, -5984, -172, 14904, 26, -25, -11
12.10, -6320, -352, 15440, 8, -5, 3
12.12, -6008, -500, 15048, 10, 9, 28
12.14, -5552, -720, 14688, 44, 44, 37
12.16, -5340, -844, 14584, 76, 88, 40
12.18, -5720, -672, 14368, 96, 112, 37
12.20, -6280, -900, 14284, 104, 116, 25
12.21, -6212, -880, 13864, 88, 93, 22
12.23, -6160, -548, 14344, 60, 84, 34
12.25, -6360, -604, 14444, 42, 74, 38
12.27, -6456, -408, 14356, 30, 46, 32
12.29, -6340, -532, 14676, 35, 11, 17
12.31, -6072, -768, 14768, 43, -4, 13
12.33, -6120, -232, 14880, 38, -13, 14
12.35, -6348, -216, 15344, 28, 7, 28
12.36, -5964, -260, 15064, 35, 18, 46
12.38, -5384, -496, 14776, 58, 51, 59
12.41, -5488, -792, 14572, 103, 111, 45
12.43, -6092, -892, 14332, 113, 142, 23
12.45, -6252, -856, 13912, 100, 124, 6
12.47, -6220, -616, 14148, 71, 100, -2
12.49, -6504, -444, 14428, 55, 73, 1
12.51, -6808, -28, 14672, 47, 43, -6
12.53, -6748, -236, 14576, 43, -5, -20
12.54, -6332, -376, 14780, 46, -41, -36
12.56, -6212, -176, 14836, 45, -47, -36
12.58, -6592, -264, 15376, 34, -31, -25
12.60, -5876, -412, 14912, 45, -5, -9
12.62, -5420, -532, 14716, 69, 29, 5
12.64, -5336, -584, 14436, 90, 69, 12
12.65, -5752, -608, 14244, 91, 102, 12
12.68, -5972, -640, 13920, 75, 106, 13
12.69, -5996, -612, 14188, 37, 85, 18
12.71, -6508, -556, 14528, 22, 74, 25
12.73, -6404, -424, 14816, 15, 38, 32
12.75, -6580, -304, 14692, 19, 253, 25
12.77, -6236, -392, 14736, 27, -38, 16
12.79, -6068, -408, 14644, 31, -47, 16
12.81, -6360, -416, 15408, 20, -25, 14
12.82, -6120, -676, 15020, 40, -10, 18
12.85, -5548, -844, 14672, 81, 27, 25
12.86, -5296, -808, 14500, 116, 69, 20
12.88, -5604, -528, 14364, 116, 115, 23
12.90, -6136, -600, 14200, 101, 126, 8
12.92, -6068, -616, 13972, 79, 112, 3
12.94, -6192, -576, 14176, 40, 97, 0
12.96, -6560, -628, 14436, 36, 74, 4
12.98, -6744, -260, 14548, 29, 27, -15
12.99, -6532, -276, 14492, 40, 2, -39
13.01, -6292, -504, 14728, 52, -30, -48
13.03, -6604, -268, 15140, 44, -25, -44
13.05, -6500, -484, 15024, 49, -25, -32
13.07, -6036, -712, 14956, 72, -2, -19
13.08, -5384, -692, 14844, 104, 40, -3
13.11, -5504, -476, 14548, 114, 86, -9
13.12, -5836, -364, 14292, 94, 110, -16
13.14, -6204, -652, 14316, 98, 122, -22
13.16, -6304, -640, 14104, 77, 106, -19
13.18, -6284, -260, 14040, 38, 81, -11
13.20, -6500, -588, 14352, 37, 72, -3
13.21, -6464, -384, 14832, 33, 47, 0
13.23, -6624, -332, 14732, 43, 13, -8
13.25, -6116, -408, 14732, 62, -16, -13
13.28, -6544, -336, 15412, 59, -256, -4
13.29, -6476, -280, 15572, 60, 3, 6
13.31, -6020, -664, 14992, 74, 24, 17
13.33, -5468, -668, 14688, 115, 74, 24
13.35, -5496, -408, 14096, 123, 100, 12
13.36, -5684, -372, 14312, 118, 124, 3
13.38, -6480, -628, 14304, 105, 130, -3
13.40, -6416, -584, 13908, 77, 109, -11
13.41, -6340, -532, 13840, 51, 90, 0
13.43, -6624, -552, 14484, 41, 66, 9
13.45, -6744, -332, 14576, 43, 14, -7
13.48, -6288, -184, 14704, 58, -10, -23
13.50, -6116, -196, 14928, 58, -24, -19
13.52, -6508, -288, 15404, 59, -255, -5
13.54, -6644, -8, 15512, 58, 12, 10
13.55, -5740, -400, 14716, 79, 49, 18
13.58, -5124, -484, 14356, 103, 94, 11
13.59, -5792, -392, 14128, 110, 104, 4
13.61, -6368, -444, 14060, 99, 124, -14
13.63, -6484, -568, 13808, 70, 102, -10
13.65, -6360, -508, 13952, 38, 75, -251
13.67, -6612, -544, 14404, 27, 51, 14
13.69, -6676, -488, 14524, 18, 1, 0
13.71, -6616, -184, 14652, 29, -35, -4
13.73, -6168, -360, 14792, 46, -55, -32
13.74, -6420, -68, 15332, 35, -42, -27
13.76, -6556, -260, 15392, 42, -16, -7
13.78, -5956, -460, 14900, 60, 9, 11
13.80, -5496, -564, 14632, 92, 59, 8
13.82, -5496, -756, 14272, 121, 97, -6
13.84, -5928, -320, 14032, 122, 124, -22
13.86, -6592, -404, 14100, 107, 121, -37
13.88, -6536, -528, 13808, 72, 84, -35
13.89, -6512, -468, 14080, 45, 61, -18
13.91, -6696, -536, 14460, 32, 40, 1
13.93, -6820, -148, 14520, 26, 5, 3
13.95, -6664, 28, 14728, 11, -42, -12
13.97, -6068, -264, 14724, 20, -72, -27
13.99, -6280, -96, 15204, 9, -74, -22
14.01, -6424, -220, 15504, 5, -43, -7
14.03, -5944, -360, 15056, 16, -21, 24
14.04, -5616, -596, 14688, 46, 35, 41
14.06, -4904, -700, 14468, 89, 85, 31
14.09, -5896, -776, 14136, 105, 148, 1
14.11, -6200, -812, 13724, 81, 140, -256
14.14, -6456, -688, 14240, 65, 116, 14
14.16, -6812, -372, 14452, 62, 76, 13
14.18, -6952, -168, 14660, 45, 20, 9
14.19, -6600, -124, 14700, 45, -18, 1
14.21, -6040, -16, 14780, 54, -43, 6
14.23, -6092, 192, 14952, 36, -25, 16
14.25, -6268, -48, 15420, 43, 11, 53
14.27, -5720, -352, 14916, 47, 52, 79
14.29, -5300, -484, 14628, 79, 111, 81
14.31, -5404, -656, 14336, 109, 160, 69
14.33, -6148, -680, 14032, 102, 188, 46
14.35, -6352, -424, 14120, 58, 170, 55
14.37, -6436, -340, 14316, 31, 140, 75
14.39, -6952, -288, 14460, 28, 90, 84
14.41, -7284, 16, 14644, 16, 16, 75
14.43, -6844, -72, 14692, 22, -17, 67
14.44, -6272, -164, 14784, 22, -39, 62
14.46, -6300, 24, 14828, 15, -29, 63
14.48, -6484, -96, 15312, 5, -256, 90
14.50, -6308, -288, 15096, 13, 20, 103
14.52, -5960, -488, 14492, 33, 37, 101
14.54, -5792, -744, 14332, 63, 86, 89
14.56, -5900, -568, 14040, 71, 122, 66
14.58, -6588, -660, 13936, 57, 131, 45
14.60, -6428, -568, 13772, 34, 116, 48
14.61, -6584, -564, 14040, 27, 107, 63
14.63, -7056, -388, 14316, 19, 85, 79
14.65, -7252, -156, 14460, 26, 29, 71
14.67, -7040, -124, 14672, 24, -9, 65
14.69, -6536, -128, 14716, 30, -40, 53
14.71, -6608, 156, 15052, 20, -38, 53
14.73, -6840, 52, 15160, 20, 2, 66
14.75, -6504, -272, 14828, 27, 23, 77
14.76, -6020, -256, 14448, 52, 52, 65
14.78, -5820, -352, 14224, 77, 95, 46
14.80, -5908, -372, 13992, 82, 127, 26
14.82, -6600, -568, 13904, 85, 150, 4
14.84, -6876, -632, 13688, 65, 116, -256
14.86, -6828, -424, 13860, 36, 94, 15
14.88, -7148, -308, 14392, 18, 80, 45
14.89, -7336, -212, 14440, 17, 41, 55
14.91, -7280, -48, 14596, 21, -1, 43
14.93, -6960, -184, 14788, 25, -42, 32
14.95, -6524, -252, 14752, 29, -48, 17
14.96, -6100, -224, 14576, 42, -31, 19
14.98, -6376, -144, 14976, 43, -4, 19
15.00, -6352, -32, 14880, 44, 30, 25
15.02, -6148, -212, 14436, 55, 59, 16
15.04, -6092, -428, 14184, 73, 80, 10
15.06, -6216, -572, 14064, 95, 118, -1
15.08, -6904, -588, 14044, 78, 120, -17
15.10, -6672, -576, 13880, 56, 103, -11
15.12, -6680, -520, 14164, 41, 91, 6
15.14, -6700, -412, 14408, 50, 69, 18
15.15, -7176, -172, 14544, 46, 28, 17
15.17, -6876, -88, 14632, 54, -18, 5
15.19, -6340, -80, 14728, 58, -39, -8
15.21, -6608, 136, 15300, 49, -15, 11
15.23, -6624, 248, 15212, 39, 5, 16
15.24, -5928, -12, 14836, 62, 59, 29
15.26, -5572, -316, 14420, 83, 104, 40
15.28, -5648, -188, 14116, 101, 137, 37
15.30, -6484, -248, 14112, 98, 167, 20
15.32, -6804, -428, 13692, 56, 140, 20
15.34, -6768, -448, 13980, 27, 121, 40
15.36, -7136, -552, 14240, 25, 82, 57
15.38, -7428, -208, 14560, 35, 25, 39
15.41, -7088, -72, 14732, 55, -34, 7
15.43, -6532, -32, 14664, 65, -61, -8
15.45, -6848, 204, 15280, 58, -35, -10
15.46, -6800, 48, 15132, 55, -16, -256
15.48, -6180, -176, 14600, 73, 21, 2
15.50, -5720, -248, 14364, 94, 69, -7
15.52, -5920, -200, 14048, 104, 89, -29
15.54, -6544, -280, 13848, 91, 123, -43
15.56, -7000, -352, 13936, 73, 110, -50
15.58, -6948, -592, 13932, 46, 78, -44
15.60, -6708, -496, 14228, 17, 57, -35
15.61, -7080, -504, 14264, 15, 37, -14
15.63, -7396, -452, 14504, 17, 9, -4
15.65, -7228, -64, 14604, 22, -27, -7
15.67, -6652, -212, 14648, 43, -54, -27
15.68, -6380, 248, 14708, 50, -50, -27
15.71, -6656, 108, 15196, 43, -6, -1
15.73, -6316, -212, 14676, 58, 37, 26
15.75, -5992, -272, 14540, 85, 68, 36
15.76, -5888, -332, 14300, 95, 108, 28
15.78, -6228, -240, 13948, 94, 126, 12
15.80, -6776, -472, 14100, 95, 140, 255
15.81, -7132, -608, 14016, 67, 109, -7
15.84, -6908, -516, 13656, 34, 79, 4
15.85, -7152, -532, 14344, 31, 58, 23
15.87, -7360, -160, 14380, 28, 17, 30
15.89, -7164, 88, 14768, 30, -46, 11
15.91, -6336, -188, 14364, 43, -63, 255
15.93, -6416, 148, 14716, 38, -45, 9
15.95, -6652, 116, 15236, 31, 5, 22
15.97, -6156, -196, 14732, 54, 42, 51
15.98, -5876, -156, 14684, 80, 88, 66
16.00, -5580, -304, 14432, 111, 134, 66
16.02, -6208, -444, 14288, 134, 164, 40
16.04, -6788, -476, 13920, 109, 159, 29
16.06, -6548, -404, 13696, 81, 133, 48
16.08, -6920, -316, 14412, 59, 117, 66
16.10, -7260, -16, 14364, 51, 95, 78
16.11, -7120, 200, 14232, 64, 34, 107
16.13, -6780, 528, 14556, 70, -9, 136
16.15, -6128, 540, 14740, 52, -8, 179
16.17, -5784, 568, 14952, 36, 8, 211
16.19, -6260, 748, 15240, 2, 37, 264
16.21, -6160, 632, 15008, -47, 67, 313
16.27, -6284, -20, 14484, -12, 67, 378
16.29, -5880, -492, 13872, -47, 75, 408
16.31, -6396, -880, 14568, -47, 102, 424
16.33, -7040, -664, 14504, -31, 86, 394
16.35, -7268, -396, 14180, 22, 55, 272
16.38, -7500, -180, 14092, 43, 10, 119
16.41, -7476, 148, 13996, 74, -33, -90
16.45, -7800, 148, 14004, 120, -43, -151
16.47, -6944, 56, 13908, 102, -43, -226
16.50, -6820, 280, 14000, 103, -8, -238
16.53, -6824, 236, 13852, 84, 255, -218
16.54, -6748, 360, 14276, 51, 2, -160
16.57, -6776, 364, 14304, -4, 12, -98
16.59, -6724, 244, 14272, -18, 21, -36
16.61, -6812, -28, 14164, -11, 43, -27
16.63, -7144, -236, 14228, 13, 57, -47
16.65, -7452, -344, 14580, 49, 69, -84
16.67, -7388, -384, 14220, 99, 80, -119
16.69, -7544, -440, 14160, 134, 88, -168
16.71, -7672, -168, 14112, 155, 86, -209
16.72, -7856, -56, 13868, 186, 72, -262
16.74, -7776, 8, 13608, 190, 43, -309
16.76, -7664, 192, 13796, 173, 44, -345
16.78, -7612, 228, 13808, 157, 36, -364
16.80, -7548, 156, 13904, 169, 16, -376
16.82, -7468, 56, 13828, 172, -16, -398
16.84, -7472, -88, 13952, 186, -44, -425
16.86, -7560, -80, 14276, 186, -79, -457
16.87, -7432, -12, 14824, 192, -84, -472
16.89, -7496, -68, 14592, 208, -113, -473
16.91, -7128, -208, 14260, 213, -127, -480
16.93, -6860, -240, 14492, 212, -137, -485
16.95, -6704, -180, 14356, 216, -141, -482
16.97, -6436, -152, 14356, 223, -133, -465
16.99, -6252, -36, 14180, 205, -107, -438
17.01, -5932, -200, 14148, 180, -76, -428
17.02, -5936, -252, 14356, 152, -43, -414
17.04, -5956, -256, 14456, 140, -3, -394
17.06, -5964, -56, 14516, 127, 36, -379
17.08, -5644, 144, 14464, 115, 66, -367
17.10, -5968, 72, 14292, 112, 76, -362
17.12, -6212, -72, 14632, 119, 78, -349
17.14, -6248, -76, 14716, 106, 91, -320
17.16, -6164, -208, 14472, 103, 79, -292
17.17, -6044, -400, 14364, 101, 81, -266
17.19, -6092, -436, 14648, 91, 67, -242
17.21, -6004, -272, 14668, 80, 50, -211
17.23, -6132, -336, 14712, 76, 56, -173
17.25, -6248, -448, 14576, 89, 44, -137
17.27, -6276, -400, 14832, 91, 26, -89
17.29, -5868, -616, 14476, 68, 14, -61
17.31, -5764, -548, 14308, 48, 26, -50
17.33, -5832, -612, 14548, 33, 23, -27
17.35, -5980, -596, 14664, 35, 38, -11
17.37, -6236, -316, 14752, 24, 42, 8
17.38, -6192, -476, 14660, 22, 32, 24
17.41, -6052, -176, 14552, 11, 31, 27
17.43, -6056, -376, 14568, 15, 22, 18
17.44, -6024, -384, 14688, 16, 20, 5
17.46, -5860, -136, 14804, 9, 41, -12
17.48, -6060, -40, 15088, 4, 53, -5
17.50, -6036, -468, 14808, 31, 59, 9
17.52, -6116, -348, 14940, 39, 58, 20
17.53, -6072, -432, 14692, 43, 55, 49
17.55, -6076, -320, 14660, 30, 41, 70
17.58, -6180, -496, 14340, 17, 23, 75
17.59, -6080, -696, 13832, -20, 24, 72
17.61, -6072, -832, 14160, -65, 26, 44
17.63, -6384, -992, 14404, -75, 33, 33
17.65, -6540, -716, 14344, -94, 43, 4
17.67, -6912, -696, 14444, -99, 37, -17
17.68, -6500, -664, 14244, -72, 30, -54
17.71, -6628, -496, 14696, -68, 6, -69
17.72, -6836, -276, 15288, -51, 19, -52
17.74, -6676, -884, 14904, 2, 38, -21
17.76, -6456, -1228, 14668, 72, 38, -8
17.78, -6044, -1596, 14508, 120, 49, 0
17.80, -5776, -1576, 14396, 146, 66, 12
17.82, -5780, -1204, 14436, 160, 87, 48
17.84, -5880, -1072, 14220, 138, 107, 79
17.86, -5864, -988, 13764, 111, 128, 90
17.87, -6120, -852, 14580, 71, 129, 104
17.89, -6324, -752, 14792, 63, 141, 132
17.91, -6512, -492, 14100, 68, 147, 151
17.93, -6628, -144, 14428, 61, 129, 151
17.95, -6488, 116, 14264, 50, 117, 115
17.96, -6368, 24, 14256, 49, 102, 69
17.98, -6584, 304, 14880, 25, 82, 51
18.00, -6720, -244, 14936, 25, 102, 66
18.02, -6548, -252, 14920, 22, 96, 70
18.04, -6476, -484, 14540, 8, 71, 68
18.06, -6276, -648, 14396, 13, 64, 81
18.08, -6256, -652, 14556, 7, 67, 79
18.10, -6188, -964, 13844, 13, 65, 84
18.11, -6240, -1144, 13632, -4, 74, 82
18.14, -6424, -1324, 14520, -37, 105, 80
18.17, -6964, -1264, 14504, -26, 105, 105
18.19, -7108, -812, 14684, -18, 92, 102
18.21, -7096, -688, 14612, -16, 92, 92
18.22, -6984, -732, 14352, 15, 68, 68
18.24, -7168, -808, 14328, 29, 61, 31
18.26, -7324, -580, 14824, 22, 51, 24
18.28, -7352, -824, 14872, 53, 67, 40
18.30, -7308, -1088, 14548, 72, 78, 46
18.31, -7248, -952, 14308, 74, 59, 37
18.33, -6944, -740, 13952, 75, 32, 26
18.35, -6828, -688, 13852, 68, 42, 17
18.37, -6920, -844, 13804, 46, 29, 14
18.39, -6872, -960, 13636, 15, 34, 12
18.41, -6880, -1132, 13936, -19, 62, 9
18.43, -7004, -1232, 14256, -38, 65, 10
18.44, -7132, -1036, 14220, -37, 66, 17
18.46, -7224, -920, 14280, -35, 54, 7
18.48, -7372, -816, 14224, -15, 43, -8
18.50, -6968, -656, 14120, 12, 20, -40
18.52, -7224, -372, 14700, 1, 6, -42
18.54, -7200, -644, 14756, 29, 36, -8
18.55, -7408, -1084, 14728, 73, 61, 15
18.58, -7072, -1112, 14420, 94, 49, 1
18.60, -6884, -1068, 14236, 102, 35, -9
18.61, -6788, -932, 14124, 102, 36, -4
18.63, -6860, -956, 13896, 82, 41, 10
18.65, -6872, -1256, 13780, 62, 30, 7
18.67, -6720, -1124, 13624, 26, 32, 3
18.69, -6860, -1192, 13996, 10, 38, 9
18.71, -7112, -1136, 14204, 6, 36, 17
18.72, -7264, -996, 14312, 6, 21, 25
18.74, -7256, -872, 14376, 19, 3, 20
18.76, -7088, -668, 14312, 37, -16, 3
18.78, -6888, -612, 14232, 47, -28, -17
18.80, -7020, -424, 15036, 51, -25, -5
18.82, -6872, -748, 14832, 73, 8, 23
18.84, -6676, -1260, 14824, 92, 26, 26
18.85, -6536, -1052, 14248, 107, 29, 14
18.87, -6356, -852, 14068, 122, 42, 5
18.89, -6548, -536, 13992, 112, 42, 11
18.91, -6724, -868, 13796, 82, 39, 18
18.92, -6560, -1052, 13608, 47, 48, 19
18.94, -6744, -1248, 14108, 14, 46, 13
18.96, -6888, -1096, 14332, 3, 46, 30
18.98, -6916, -956, 14156, 6, 50, 41
19.00, -6964, -720, 14380, 11, 18, 33
19.02, -6876, -604, 14084, 23, -1, 6
19.04, -6764, -396, 14720, 25, -18, -10
19.06, -6928, -480, 15124, 50, 13, 22
19.08, -6820, -988, 14876, 75, 43, 37
19.10, -6776, -1052, 14588, 93, 30, 31
19.12, -6536, -992, 14356, 105, 16, 20
19.14, -6616, -780, 14284, 102, 26, 17
19.15, -6668, -784, 14044, 79, 41, 29
19.17, -6680, -1216, 13632, 58, 42, 26
19.19, -6544, -1352, 13728, 31, 41, 14
19.21, -6816, -1324, 14172, 17, 48, 15
19.23, -6660, -1136, 14124, 24, 48, 38
19.25, -6924, -684, 14480, 18, 29, 42
19.27, -6980, -576, 14496, 34, 14, 28
19.28, -6436, -536, 14272, 46, -3, -1
19.30, -6716, -236, 15056, 34, -17, -6
19.32, -6764, -452, 15052, 43, 20, 27
19.34, -6552, -608, 14616, 70, 52, 49
19.36, -6508, -632, 14552, 72, 61, 41
19.38, -6360, -792, 14228, 78, 66, 30
19.41, -6556, -800, 14148, 57, 84, 36
19.43, -6904, -1176, 14072, 40, 78, 34
19.44, -6792, -1412, 13608, 25, 60, 24
19.46, -6728, -1524, 14200, 3, 47, 15
19.48, -7180, -1344, 14384, -10, 35, 38
19.50, -6964, -1024, 14156, 0, 16, 68
19.52, -7204, -564, 14484, 0, -23, 66
19.54, -6924, -500, 14396, 12, -33, 47
19.56, -6712, -464, 14224, 20, -44, -4
19.58, -6868, -180, 15124, 11, -50, -1
19.60, -6632, -664, 14836, 39, -255, 5
19.61, -6472, -816, 14560, 63, 25, 10
19.64, -6348, -1020, 14340, 79, 35, -4
19.65, -6236, -1068, 14140, 86, 57, -1
19.67, -6480, -840, 14136, 73, 69, 6
19.69, -6892, -1240, 13956, 51, 50, 6
19.71, -6528, -1320, 13772, 8, 65, 254
19.74, -6884, -1268, 14388, -16, 64, 12
19.75, -7048, -1512, 14144, -17, 40, 38
19.77, -7104, -856, 14364, -30, 18, 37
19.79, -7080, -856, 14440, -11, 3, 28
19.81, -6836, -820, 14216, -5, -9, 4
19.82, -6724, -636, 14200, 4, -20, -26
19.84, -7060, -216, 15120, -9, -54, -19
19.86, -6692, -524, 15044, 19, -12, 12
19.88, -6616, -784, 14836, 53, 1, 28
19.90, -6076, -1256, 14528, 86, 18, 37
19.92, -6012, -1232, 14284, 92, 52, 44
19.94, -6200, -1504, 14116, 91, 85, 54
19.96, -6432, -1448, 14088, 63, 94, 55
19.97, -6440, -1656, 13996, 45, 83, 52
19.99, -6448, -1516, 14060, 14, 97, 43
20.01, -6780, -1448, 14204, -3, 100, 56
20.02, -7072, -1340, 14180, 5, 70, 75
20.04, -7064, -1252, 14252, 1, 46, 77
20.06, -6976, -788, 14440, 8, 17, 62
20.09, -6620, -820, 14060, 32, -12, 4
20.11, -6920, -284, 14948, 12, -52, -3
20.14, -6732, -752, 14964, 31, 5, 19
20.15, -6420, -1216, 14676, 63, 15, 36
20.17, -6204, -1364, 14500, 97, 16, 25
20.19, -6396, -1460, 14164, 113, 45, 19
20.21, -6296, -1100, 14100, 93, 67, 13
20.23, -6596, -1424, 13980, 58, 77, 10
20.26, -6556, -1464, 14028, 17, 78, 9
20.30, -7064, -1168, 14340, 11, 51, 29
20.32, -7100, -788, 14444, 20, 30, 24
20.34, -7012, -928, 14476, 41, 6, 11
20.36, -6852, -880, 14340, 65, -9, -13
20.37, -6872, -296, 14792, 62, -36, -38
20.39, -6852, -484, 15124, 64, -13, -16
20.41, -6728, -964, 14812, 93, 28, 10
20.43, -6180, -1164, 14444, 133, 35, 17
20.45, -5992, -1196, 14240, 150, 71, 2
20.47, -6132, -908, 14152, 141, 102, -8
20.49, -6432, -940, 13896, 113, 124, -11
20.51, -6528, -1268, 13860, 93, 117, -15
20.52, -6528, -1276, 13852, 56, 126, -24
20.54, -6984, -1176, 14192, 32, 114, -12
20.56, -7360, -1240, 14092, 25, 82, 7
20.58, -7456, -980, 14084, 22, 43, 13
20.60, -7344, -652, 14572, 22, -16, 1
20.61, -6948, -640, 14216, 44, -43, -33
20.63, -6784, -428, 14400, 47, -72, -60
20.65, -6976, -4, 15184, 31, -56, -41
20.67, -6592, -656, 14768, 29, -14, -28
20.69, -6512, -1140, 14548, 58, -1, -25
20.71, -6240, -1352, 14440, 96, -9, -34
20.73, -6088, -1300, 14208, 105, 26, -39
20.74, -6228, -1436, 14144, 119, 57, -19
20.76, -6256, -1536, 13956, 118, 69, 4
20.78, -6204, -1720, 14116, 101, 83, 14
20.80, -6328, -1492, 14316, 81, 122, 14
20.82, -6760, -1252, 14456, 73, 121, 32
20.84, -6988, -1068, 14420, 77, 101, 42
20.86, -7168, -576, 14532, 72, 62, 35
20.88, -6992, -380, 14572, 75, 45, 20
20.89, -6728, -444, 14156, 88, 22, -11
20.91, -6788, -144, 14780, 71, 255, -33
20.93, -6884, -108, 15028, 55, 18, -17
20.95, -6652, -656, 14696, 66, 47, 1
20.97, -6432, -1044, 14380, 85, 45, 1
20.99, -6324, -1096, 14136, 92, 44, -6
21.01, -6396, -904, 14236, 88, 53, -11
21.02, -6612, -920, 14188, 65, 59, 5
21.04, -6700, -1256, 13972, 45, 49, 17
21.06, -6560, -1316, 13948, 13, 58, 16
21.08, -6708, -1504, 14412, -2, 56, 26
21.09, -6956, -1360, 14368, 9, 41, 40
21.11, -7092, -1128, 14400, 6, 23, 47
21.13, -6984, -848, 14428, 24, -6, 36
21.16, -6608, -752, 14480, 47, -15, 24
21.18, -6504, -604, 14412, 50, -18, -7
21.20, -6764, -228, 14984, 38, -10, 4
21.21, -6684, -484, 14872, 52, 23, 33
21.23, -6460, -924, 14564, 75, 50, 32
21.25, -6388, -1028, 14312, 83, 61, 16
21.27, -6204, -1000, 14080, 83, 87, 3
21.29, -6448, -1036, 14188, 72, 99, 8
21.31, -6720, -1196, 14056, 57, 106, 13
21.32, -6852, -1424, 13920, 35, 85, 17
21.34, -6824, -1436, 13936, 10, 69, 26
21.36, -6988, -1356, 14492, 9, 59, 36
21.38, -7244, -1216, 14320, 8, 32, 54
21.40, -7224, -1000, 14436, 25, -15, 41
21.42, -7072, -936, 14520, 37, -32, 30
21.44, -6628, -856, 14372, 51, -37, 13
21.46, -6244, -896, 14392, 62, -28, -16
21.47, -6552, -240, 14636, 51, -27, -13
21.50, -6492, -644, 15068, 59, 43, 25
21.51, -6348, -836, 14436, 86, 73, 27
21.53, -6144, -1052, 14280, 106, 85, 13
21.55, -6192, -864, 14168, 101, 109, -10
21.57, -6556, -880, 14128, 83, 127, -8
21.59, -6908, -776, 14204, 72, 116, -6
21.61, -7108, -1080, 13848, 58, 84, -3
21.62, -7012, -1396, 13800, 33, 57, 0
21.64, -6988, -1368, 14000, 8, 57, 11
21.66, -7160, -1196, 14236, 1, 39, 15
21.68, -7284, -1220, 14408, 2, 6, 28
21.70, -7188, -1020, 14404, 14, -28, 23
21.72, -6912, -936, 14588, 35, -32, 9
21.74, -6548, -884, 14412, 61, -29, -256
21.76, -6320, -840, 14516, 82, -13, -19
21.77, -6524, -384, 14948, 65, 3, -19
21.79, -6508, -696, 14948, 77, 58, 7
21.81, -6312, -1064, 14508, 108, 89, 11
21.83, -6220, -1088, 14164, 122, 100, 3
21.85, -6332, -928, 14124, 119, 110, -8
21.87, -6628, -928, 14048, 95, 118, -4
21.89, -6832, -1048, 13888, 69, 106, -6
21.91, -7032, -1256, 13736, 51, 93, -9
21.92, -7060, -1180, 14056, 23, 83, -9
21.94, -7268, -1264, 14364, 12, 51, -4
21.96, -7436, -1112, 14420, 11, 22, 12
21.98, -7296, -952, 14500, 22, 255, 15
22.01, -6960, -760, 14464, 60, -49, 255
22.03, -6704, -420, 14692, 72, -31, -22
22.05, -6792, -292, 15124, 64, -1, -4
22.07, -6572, -824, 14756, 95, 47, 13
22.09, -6380, -1132, 14480, 110, 44, 2
22.11, -6144, -1124, 14084, 117, 56, -13
22.13, -6088, -844, 13992, 116, 87, -19
22.14, -6476, -752, 13892, 92, 99, -10
22.17, -6864, -1252, 13792, 62, 96, -5
22.19, -6872, -1160, 13840, 38, 87, -7
22.20, -7028, -1196, 14200, 21, 70, 0
22.22, -7228, -1136, 14376, 24, 54, 9
22.24, -7264, -996, 14448, 28, 28, 13
22.26, -7132, -988, 14564, 39, 3, 9
22.28, -6928, -656, 14540, 59, -2, -1
22.29, -6592, -648, 14140, 71, -9, -25
22.31, -6884, -244, 14680, 64, -11, -30
22.33, -6804, -456, 14936, 59, 29, -256
22.35, -6512, -884, 14544, 76, 35, 12
22.37, -6168, -1064, 14200, 91, 46, 3
22.39, -6092, -960, 14132, 95, 68, 253
22.41, -6296, -820, 13836, 77, 92, 2
22.42, -6664, -972, 13900, 57, 93, 2
22.44, -6828, -1148, 13780, 39, 92, 3
22.46, -7008, -1276, 14004, 16, 86, 6
22.48, -7364, -1232, 14304, 6, 52, 11
22.50, -7440, -1092, 14344, 14, 15, 24
22.52, -7272, -844, 14288, 27, -19, 22
22.54, -6980, -696, 14412, 37, -38, 12
22.55, -6660, -740, 14208, 64, -23, -9
22.57, -6808, -264, 14648, 50, -28, -13
22.59, -6692, -320, 14956, 56, 11, 255
22.61, -6536, -996, 14644, 86, 32, 11
22.63, -6320, -1124, 14452, 99, 47, 9
22.65, -6128, -972, 14160, 104, 81, 3
22.67, -6348, -700, 14024, 82, 100, 6
22.69, -6724, -976, 13912, 68, 98, 12
22.70, -6920, -996, 13864, 43, 86, 13
22.72, -7152, -1156, 14072, 9, 79, 15
22.74, -7276, -1152, 14192, 5, 53, 20
22.76, -7384, -1236, 14148, 0, 18, 31
22.77, -7320, -1220, 14268, 12, -12, 28
22.79, -7196, -796, 14432, 20, -42, 16
22.81, -6756, -616, 14376, 34, -44, 4
22.83, -6668, -424, 14700, 45, -42, -16
22.85, -6808, -364, 15144, 49, -16, -1
22.87, -6468, -944, 14504, 86, 26, 22
22.89, -6164, -1104, 14400, 99, 43, 14
22.91, -6008, -1188, 14124, 115, 71, 3
22.92, -6148, -940, 14108, 112, 99, -3
22.94, -6572, -964, 14328, 87, 110, -10
22.96, -7028, -1168, 13780, 76, 106, -19
22.97, -7256, -1240, 13768, 51, 89, -32
22.99, -7436, -1316, 14060, 37, 50, -40
23.01, -7544, -1388, 14324, 36, 10, -40
23.03, -7556, -1092, 14480, 52, -19, -47
23.05, -7320, -820, 14392, 67, -49, -62
23.08, -6492, -736, 14304, 100, -55, -88
23.10, -6512, -176, 15036, 84, -33, -103
23.12, -6428, -344, 15176, 68, 14, -54
23.14, -6372, -836, 14584, 98, 60, -27
23.15, -6264, -1128, 14412, 127, 70, -17
23.17, -6096, -1112, 14184, 138, 86, -17
23.19, -6204, -840, 14076, 125, 103, -2
23.21, -6408, -892, 13856, 99, 114, 11
23.22, -6616, -1132, 13760, 70, 110, 14
23.24, -6720, -1192, 13908, 40, 110, 0
23.26, -7112, -1196, 14332, 23, 84, 6
23.28, -7264, -1020, 14296, 21, 62, 16
23.30, -7224, -620, 14580, 28, 32, 21
23.32, -6812, -552, 14404, 39, 10, -7
23.34, -6432, -628, 14548, 42, -4, -38
23.36, -7144, -344, 15020, 52, 9, -37
23.37, -7084, -624, 15336, 69, 27, -12
23.39, -6912, -912, 14816, 89, 21, 20
23.41, -6536, -1216, 14316, 116, 19, 17
23.43, -6372, -1204, 14000, 136, 37, 0
23.45, -6212, -1232, 13824, 131, 62, -18
23.47, -6600, -1208, 13884, 93, 89, -19
23.49, -6796, -1192, 13848, 70, 75, -19
23.50, -7020, -976, 14124, 52, 68, -27
23.52, -7256, -820, 14020, 45, 59, -43
23.54, -7360, -512, 14256, 49, 14, -66
23.56, -6924, -368, 14212, 65, -8, -94
23.57, -6876, -432, 14488, 68, -17, -125
23.59, -7200, -240, 14952, 63, -14, -124
23.61, -7232, -484, 14884, 76, -8, -102
23.63, -6892, -1108, 14564, 113, -39, -82
23.65, -6308, -1068, 14360, 141, -39, -63
23.67, -6048, -1116, 14376, 135, -23, -55
23.69, -6056, -1064, 14044, 118, -2, -27
23.70, -5960, -968, 13812, 91, 28, 8
23.72, -5784, -776, 14184, 58, 48, 55
23.74, -6056, -740, 14608, 31, 58, 109
23.76, -6224, -480, 14312, 5, 73, 151
23.78, -6308, -200, 14464, -26, 78, 191
23.79, -6220, -180, 14432, -34, 86, 223
23.81, -6044, -236, 14492, -50, 75, 244
23.83, -6360, -184, 14596, -81, 75, 260
23.85, -6876, -436, 15304, -100, 63, 285
23.87, -6884, -876, 14888, -100, 55, 313
23.89, -6784, -1028, 14348, -71, 48, 326
23.91, -6456, -1228, 14224, -36, 28, 319
23.93, -6684, -1092, 13928, -28, 13, 301
23.96, -6720, -1448, 13884, -45, 33, 288
23.97, -6664, -1276, 13836, -72, 11, 278
24.00, -7100, -1060, 14212, -70, -23, 280
24.01, -7304, -1024, 14424, -76, -45, 270
24.03, -7224, -660, 14372, -91, -80, 251
24.05, -7148, -868, 14648, -79, -109, 220
24.07, -6340, -688, 14636, -63, -110, 199
24.09, -6632, -452, 15068, -80, -85, 206
24.11, -6428, -684, 15020, -76, -46, 228
24.13, -6052, -824, 14544, -52, 11, 240
24.15, -6016, -1016, 14400, -21, 65, 234
24.17, -6124, -1192, 14096, 7, 90, 222
24.19, -6572, -1220, 13872, 11, 111, 220
24.20, -6848, -1196, 13824, 1, 124, 205
24.22, -6876, -1064, 13808, -28, 121, 210
24.24, -7300, -772, 14056, -42, 96, 222
24.26, -7660, -936, 14316, -39, 56, 239
24.27, -7672, -684, 14572, -35, 255, 231
24.29, -7392, -604, 14268, -37, -39, 205
24.31, -6748, -696, 14388, -9, -60, 153
24.35, -6920, -620, 14868, -2, -18, 122
24.37, -6416, -892, 14420, 23, 23, 117
24.39, -6160, -776, 14524, 44, 55, 115
24.41, -6024, -600, 14212, 56, 89, 112
24.42, -5976, -688, 14132, 63, 117, 104
24.44, -6424, -1104, 14224, 50, 161, 75
24.46, -6772, -1516, 13924, 60, 180, 49
24.48, -6892, -1424, 13956, 62, 182, 32
24.50, -7424, -1248, 13992, 51, 159, 24
24.51, -7632, -808, 14192, 63, 137, 8
24.53, -7764, -660, 14440, 82, 53, -6
24.55, -7460, -592, 14332, 88, 2, -31
24.57, -7084, -524, 14464, 107, -12, -54
24.59, -6796, -460, 14568, 113, -28, -71
24.61, -7124, -384, 14884, 101, 10, -80
24.63, -6780, -656, 14704, 111, 47, -87
24.64, -6444, -668, 14392, 123, 75, -82
24.66, -6084, -524, 14384, 138, 107, -77
24.68, -6416, -500, 14176, 112, 119, -66
24.70, -6884, -584, 14136, 96, 132, -55
24.72, -6972, -1040, 13668, 77, 131, -48
24.74, -6872, -800, 13660, 58, 122, -40
24.75, -7040, -988, 14108, 41, 104, -26
24.77, -7352, -904, 14228, 53, 84, -1
24.79, -7560, -808, 14272, 72, 61, -17
24.81, -7552, -868, 14392, 104, 13, -45
24.83, -6988, -728, 14540, 136, -11, -63
24.84, -6732, -396, 14684, 139, -30, -78
24.87, -7028, -332, 15120, 126, 7, -77
24.88, -6776, -508, 14648, 138, 28, -77
24.90, -6448, -584, 14368, 145, 47, -75
24.92, -6204, -528, 14200, 156, 66, -71
24.94, -6332, -380, 14064, 151, 78, -56
24.96, -6676, -360, 14224, 119, 89, -40
24.98, -6700, -668, 13888, 77, 87, -25
25.00, -6852, -900, 14220, 39, 91, -7
25.02, -7112, -1100, 14332, 38, 93, -8
25.04, -7512, -920, 14124, 54, 58, -27
25.05, -7644, -640, 14584, 67, -3, -51
25.07, -7444, -412, 14496, 84, -48, -82
25.09, -7140, -464, 14440, 94, -84, -112
25.11, -7112, -112, 14492, 89, -100, -148
25.13, -7412, -148, 15088, 74, -84, -164
25.15, -6824, -608, 14552, 92, -78, -171
25.17, -6432, -768, 14080, 103, -65, -177
25.19, -6224, -520, 14172, 117, -44, -187
25.20, -6252, -812, 13948, 125, -12, -180
25.22, -6588, -828, 14068, 107, 12, -173
25.24, -6700, -1020, 13772, 75, 9, -172
25.26, -6776, -740, 14192, 37, 11, -163
25.28, -6856, -836, 14356, 20, 6, -138
25.30, -6940, -968, 14284, 25, -21, -110
25.32, -6888, -276, 14336, 32, -55, -97
25.34, -6524, -480, 14368, 41, -59, -105
25.35, -6560, -216, 14668, 39, -61, -125
25.37, -6760, -404, 15072, 38, -62, -124
25.39, -6388, -836, 14664, 74, -44, -90
25.41, -6088, -1048, 14632, 102, -33, -71
25.43, -5740, -1096, 14324, 121, -6, -53
25.45, -5840, -976, 14220, 115, 35, -32
25.47, -6172, -988, 14164, 91, 52, -21
25.49, -6164, -1072, 13812, 62, 69, -19
25.50, -6164, -1280, 13872, 33, 73, -16
25.52, -6568, -1144, 14376, 27, 84, -6
25.54, -6740, -884, 14400, 31, 72, -3
25.56, -6872, -604, 14432, 35, 41, -13
25.58, -6876, -432, 14320, 43, 22, -51
25.60, -6744, -184, 14756, 48, -6, -86
25.61, -6944, -380, 15096, 46, -17, -79
25.64, -6624, -804, 14892, 73, -18, -58
25.65, -6376, -1076, 14640, 94, -20, -34
25.67, -5832, -1112, 14480, 107, -6, -12
25.69, -5784, -972, 14264, 93, 23, -255
25.71, -5996, -948, 14216, 72, 45, 12
25.72, -5988, -1112, 13916, 41, 59, 9
25.74, -5916, -780, 14068, 13, 79, 9
25.76, -6628, -1032, 14288, -6, 71, 20
25.78, -6852, -944, 14364, 1, 50, 24
25.80, -6832, -812, 14524, 12, 17, 13
25.82, -6724, -752, 14364, 31, -2, -5
25.85, -6732, -500, 15088, 55, -30, -17
25.88, -6432, -980, 14976, 80, 9, 1
25.90, -6056, -1136, 14568, 112, 15, 28
25.92, -5728, -1072, 14436, 117, 39, 27
25.93, -5636, -904, 14320, 106, 79, 27
25.95, -5944, -936, 13832, 86, 108, 39
25.97, -6244, -916, 13652, 48, 127, 39
25.99, -6552, -1104, 14240, 15, 120, 39
26.01, -6836, -936, 14376, -2, 108, 43
26.03, -6916, -844, 14344, 3, 78, 45
26.05, -6928, -656, 14116, 10, 18, 33
26.07, -6420, -812, 14144, 30, 4, 5
26.09, -6784, -596, 14788, 33, -16, -14
26.10, -6768, -296, 15252, 40, -13, -11
26.12, -6588, -916, 14900, 70, -3, 14
26.14, -6148, -1120, 14660, 87, 3, 22
26.16, -6096, -1256, 14416, 96, -6, 15
26.17, -6016, -1096, 14296, 89, 25, 16
26.19, -6100, -1040, 14240, 56, 54, 7
26.21, -5952, -1128, 13948, 26, 74, 255
26.24, -6544, -1176, 14296, 4, 75, -7
26.25, -6860, -1044, 14392, 0, 49, -1
26.27, -6900, -856, 14360, 16, 19, -6
26.29, -6896, -804, 14484, 27, -15, -19
26.31, -6552, -776, 14356, 51, -16, -40
26.32, -6544, -768, 14716, 64, -13, -50
26.34, -6708, -672, 15140, 66, -7, -44
26.36, -6324, -948, 15044, 95, 20, -20
26.38, -6068, -1076, 14712, 109, 36, -11
26.40, -5908, -1152, 14540, 115, 45, -10
26.42, -5836, -980, 14208, 96, 81, 255
26.44, -6120, -1020, 14264, 73, 103, 4
26.45, -6268, -908, 14052, 28, 116, 0
26.47, -6440, -1076, 14196, 7, 107, 13
26.49, -6660, -1052, 14152, 9, 89, 21
26.51, -6932, -980, 14384, 13, 68, 32
26.52, -7000, -840, 14364, 25, 47, 23
26.54, -6804, -1020, 14356, 53, 16, -256
26.56, -6772, -672, 14612, 63, -11, -16
26.58, -6788, -500, 15296, 71, -27, -15
26.60, -6524, -692, 15036, 79, 1, 11
26.62, -6068, -792, 14684, 80, 3, 45
26.63, -5536, -908, 14336, 88, 25, 72
26.65, -5440, -836, 14572, 90, 82, 99
26.67, -5532, -636, 14368, 36, 115, 119
26.69, -5416, -608, 14204, -27, 143, 142
26.70, -5352, -900, 14224, -78, 176, 179
26.72, -6048, -1516, 14440, -73, 196, 210
26.74, -6824, -1668, 14284, -38, 191, 214
26.76, -7144, -1312, 14576, -256, 145, 182
26.78, -7316, -1120, 14492, 36, 114, 113
26.80, -7648, -652, 15056, 84, 65, 0
26.82, -7700, -632, 14832, 121, 44, -68
26.84, -7536, -1012, 14248, 165, 31, -113
26.85, -7364, -1012, 14228, 196, -12, -166
26.87, -7140, -1116, 14000, 193, -40, -202
26.89, -6812, -1084, 13668, 192, -56, -234
26.92, -6248, -828, 13632, 123, -27, -278
26.94, -6520, -560, 14188, 94, -4, -313
26.95, -6512, -668, 14180, 84, 22, -322
26.97, -6688, -520, 14288, 84, 18, -315
26.99, -6860, -456, 14084, 78, 5, -316
27.01, -6796, -676, 14164, 84, 8, -328
27.03, -6688, -484, 14760, 84, -5, -347
27.05, -6744, -912, 14752, 88, -9, -304
27.07, -6444, -1100, 14736, 104, -15, -512
27.09, -6124, -1388, 14796, 120, -30, -215
27.11, -5880, -1208, 14280, 115, -3, -167
27.13, -5576, -1300, 14088, 80, 50, -125
27.15, -6016, -1312, 14472, 78, 90, -114
27.17, -6264, -1376, 14408, 88, 121, -95
27.18, -6416, -1244, 14380, 94, 121, -88
27.20, -6988, -1228, 14280, 128, 111, -110
27.22, -7200, -1168, 14116, 136, 87, -162
27.24, -7312, -888, 14764, 137, 55, -193
27.25, -7052, -908, 14484, 128, 29, -192
27.27, -6720, -1088, 14796, 128, -11, -168
27.29, -6236, -944, 14568, 102, -27, -159
27.31, -6068, -1140, 13900, 95, -5, -150
27.33, -6144, -1040, 14224, 78, -6, -159
27.35, -6256, -1048, 14260, 55, 0, -165
27.37, -6152, -892, 14440, 33, 30, -162
27.39, -5880, -1020, 14220, 30, 72, -165
27.41, -5960, -692, 14692, 18, 118, -178
27.42, -6324, -820, 14656, 15, 130, -150
27.44, -6272, -1180, 14796, 4, 147, -115
27.46, -6212, -1360, 14724, 24, 159, -88
27.48, -6304, -1504, 14732, 52, 120, -51
27.50, -6036, -1308, 14172, 50, 118, -30
27.52, -6020, -1392, 14100, 33, 128, -35
27.54, -6396, -1528, 14348, 28, 148, -61
27.55, -6916, -1708, 14140, 21, 163, -100
27.57, -7364, -1816, 14044, 27, 143, -151
27.59, -7836, -2024, 14052, 47, 84, -216
27.61, -7952, -1780, 13732, 67, 44, -274
27.63, -8148, -1604, 14272, 102, -12, -298
27.65, -8184, -1484, 14556, 115, -78, -292
27.67, -7796, -1708, 14356, 142, -130, -284
27.69, -7496, -1972, 14428, 185, -174, -277
27.70, -7284, -2048, 14476, 229, -202, -271
27.72, -7108, -1844, 14356, 259, -215, -250
27.74, -6600, -2016, 14284, 289, -179, -232
27.77, -6156, -2152, 14556, 343, -139, -201
27.79, -5752, -1964, 14384, 373, -76, -167
27.81, -5408, -1076, 14516, 351, -30, -120
27.83, -4980, -1272, 14248, 325, 67, -61
27.84, -5140, -500, 14768, 272, 114, -2
27.86, -5296, 188, 14940, 208, 161, 64
27.88, -5364, 284, 14780, 148, 200, 165
27.90, -5352, 252, 14808, 64, 223, 222
27.92, -5384, 244, 14564, 7, 225, 274
27.94, -5408, 68, 14428, -28, 233, 319
27.96, -5644, -108, 14216, -74, 249, 349
27.97, -5672, -432, 14180, -124, 259, 356
28.00, -6444, -924, 14464, -166, 240, 348
28.01, -6916, -1180, 14520, -177, 205, 333
28.03, -7340, -1172, 14364, -181, 136, 317
28.05, -7364, -1096, 14112, -167, 83, 277
28.07, -7488, -1004, 14768, -133, -8, 238
28.09, -7344, -1004, 14880, -108, -41, 219
28.11, -7108, -1052, 14668, -74, -63, 212
28.13, -6796, -1428, 14352, -40, -85, 210
28.14, -6404, -1520, 14516, -9, -88, 200
28.17, -6164, -1404, 14344, 2, -70, 192
28.18, -5968, -1316, 14584, 8, -39, 190
28.20, -5948, -1240, 14292, 11, -6, 185
28.22, -6048, -1188, 14576, 12, 24, 181
28.24, -6084, -1280, 14488, 19, 52, 170
28.26, -6292, -1156, 14444, 29, 78, 160
28.28, -6148, -980, 14388, 28, 87, 150
28.30, -6604, -800, 14196, 17, 78, 139
28.31, -6892, -656, 14324, 18, 67, 128
28.34, -6784, -540, 14620, -8, 58, 128
28.36, -6844, -684, 14584, -14, 54, 135
28.37, -6776, -1016, 14288, -5, 46, 153
28.40, -6816, -1124, 14524, 19, 26, 166
28.42, -6840, -1116, 14204, 12, 23, 162
28.43, -6868, -1036, 14196, 13, 17, 145
28.45, -6736, -1160, 13956, 7, 16, 124
28.47, -6636, -1084, 13996, -13, 9, 99
28.49, -6720, -1240, 14288, -19, 1, 79
28.50, -6944, -1260, 14456, -20, 15, 67
28.52, -7016, -1156, 14392, -11, 14, 59
28.54, -6888, -1104, 14244, 3, 2, 43
28.56, -6676, -788, 14544, 20, -17, 17
28.58, -6496, -1096, 14260, 30, -12, -8
28.60, -6604, -824, 14816, 37, -7, -13
28.62, -6692, -828, 15068, 47, 10, -1
28.64, -6548, -976, 14708, 63, 49, 20
28.66, -6272, -1208, 14092, 88, 59, 28
28.67, -6108, -1208, 14260, 98, 72, 24
28.69, -6164, -1200, 13996, 90, 90, 30
28.71, -6348, -1224, 13988, 72, 113, 17
28.73, -6568, -1084, 14084, 44, 118, 4
28.75, -6820, -1076, 14232, 30, 114, -13
28.77, -7236, -1032, 14408, 30, 87, -10
28.78, -7184, -1016, 14232, 30, 62, -12
28.80, -7132, -1016, 14392, 35, 21, -5
28.82, -6828, -1136, 14372, 53, 10, 3
28.84, -6696, -1176, 14396, 65, 16, 1
28.86, -6556, -1076, 14524, 78, 28, -5
28.88, -6628, -904, 14516, 83, 25, -17
28.90, -6484, -904, 14712, 88, 36, -11
28.92, -6372, -904, 14640, 87, 54, -10
28.94, -6264, -1140, 14584, 93, 79, -11
28.96, -6304, -1296, 14184, 107, 93, -13
28.97, -6476, -1156, 14220, 97, 93, -11
28.99, -6468, -820, 14280, 62, 89, -253
29.01, -6284, -720, 14588, -4, 69, 58
29.03, -6120, -700, 14656, -41, 67, 114
29.05, -6064, -712, 14608, -47, 86, 168
29.07, -5984, -884, 14800, -49, 97, 203
29.09, -5816, -1240, 14768, -41, 128, 213
29.11, -6164, -956, 14900, -28, 158, 218
29.13, -6240, -1324, 14812, 13, 212, 214
29.14, -6372, -1600, 14064, 61, 249, 191
29.16, -6756, -1532, 14320, 80, 240, 111
29.18, -7124, -1904, 13868, 118, 259, 13
29.20, -7436, -1640, 13692, 161, 239, -92
29.22, -8320, -1296, 13740, 153, 206, -242
29.24, -8976, -1544, 13852, 165, 129, -362
29.26, -8996, -1860, 13672, 212, 51, -439
29.27, -9336, -2288, 14480, 361, -17, -438
29.29, -9228, -1924, 14792, 470, -48, -429
29.31, -9068, -1656, 14452, 577, -100, -442
29.33, -8224, -928, 14224, 581, -130, -476
29.35, -7360, -568, 13992, 520, -122, -485
29.37, -6388, -136, 13236, 439, -86, -468
29.39, -6264, 404, 13344, 329, -79, -436
29.41, -6428, 512, 13512, 239, -61, -402
29.43, -6432, 868, 13360, 119, -74, -330
29.44, -6044, 540, 13536, 40, -61, -271
29.46, -5640, -64, 14264, -29, -24, -202
29.48, -5572, -20, 14136, -53, 21, -154
29.50, -5908, -268, 14428, -86, 82, -119
29.52, -6164, -788, 14644, -62, 108, -128
29.54, -7364, -1216, 15592, 27, 90, -147
29.56, -7976, -1816, 15512, 109, 39, -182
29.57, -8312, -2000, 15272, 186, -19, -238
29.59, -8076, -1964, 14432, 265, -53, -319
29.61, -7872, -1796, 14416, 362, -106, -406
29.63, -7012, -1148, 13760, 344, -150, -570
29.65, -6216, -780, 13536, 370, -102, -653
29.67, -5664, -376, 13916, 360, -55, -732
29.70, -5344, -344, 13960, 355, 125, -768
29.72, -5800, -352, 13920, 306, 178, -801
29.74, -6608, -308, 13752, 243, 199, -825
29.76, -7272, -208, 13940, 153, 187, -813
29.78, -7992, -648, 14232, 109, 127, -748
29.80, -7716, -712, 14248, 132, 35, -708
29.82, -7096, -496, 14284, 116, -11, -705
29.84, -6572, -584, 14656, 157, -60, -703
29.86, -5944, -888, 14860, 242, -67, -638
29.87, -5588, -1252, 14796, 312, -41, -561
29.90, -5748, -1780, 14540, 371, 26, -509
29.92, -5864, -1724, 14428, 351, 88, -504
29.93, -5908, -1608, 14508, 327, 123, -495
29.95, -6196, -1336, 14776, 310, 127, -497
29.97, -6248, -824, 14436, 278, 160, -479
29.99, -6508, -768, 14412, 244, 150, -471
