0.00, -12324, -4972, 10420, 23, 51, 6
0.05, -12404, -4768, 9520, 78, 58, 40
0.13, -11976, -3948, 9008, 30, 36, -17
0.20, -12408, -4620, 10324, 26, 49, 17
0.29, -12344, -4664, 9560, 86, 59, 16
0.38, -12020, -3880, 9020, 53, 34, -7
0.40, -12104, -3956, 9496, 36, 29, -17
0.42, -12188, -4188, 9704, 18, 41, -18
0.44, -12288, -4420, 10144, 20, 43, -17
0.46, -12056, -4696, 10124, 18, 45, -15
0.49, -12540, -5172, 10048, 34, 48, -7
0.50, -12408, -5372, 10192, 50, 43, 22
0.54, -12340, -4848, 9708, 78, 49, 28
0.56, -12228, -4028, 9576, 87, 60, 38
0.59, -12280, -3704, 9372, 80, 49, 26
0.62, -12256, -3928, 9144, 65, 26, 0
0.64, -12080, -4040, 9168, 56, 19, -15
0.67, -12152, -4192, 9720, 27, 29, -17
0.68, -12292, -4456, 9888, 29, 38, -11
0.70, -12392, -4672, 10136, 26, 43, -10
0.72, -12252, -4896, 10040, 35, 39, -10
0.74, -12336, -5192, 10024, 48, 44, 6
0.76, -12388, -5216, 9988, 59, 42, 21
0.78, -12496, -4816, 9672, 65, 34, 21
0.80, -12148, -4328, 9544, 80, 40, 30
0.82, -12220, -4068, 9668, 81, 54, 41
0.84, -12220, -3944, 9588, 74, 50, 34
0.86, -12312, -3932, 9388, 68, 34, 5
0.89, -12104, -3964, 9284, 48, 24, -8
0.91, -12152, -4008, 9548, 36, 31, -15
0.93, -12236, -4284, 9924, 26, 39, -10
0.95, -12208, -4500, 10020, 26, 43, -19
0.97, -12288, -4772, 10168, 30, 44, -17
0.99, -12256, -5144, 10380, 38, 54, 10
1.01, -12312, -5296, 9952, 41, 51, 12
1.03, -12248, -4920, 9768, 63, 59, 27
1.06, -12236, -4296, 9600, 72, 72, 45
1.07, -12132, -3912, 9484, 79, 77, 48
1.09, -12180, -3732, 9332, 72, 68, 36
1.11, -12152, -3600, 9112, 52, 57, 15
1.13, -12024, -3940, 9080, 35, 46, -8
1.15, -12068, -4008, 9384, 17, 58, -20
1.17, -12368, -4252, 9948, 6, 68, -19
1.19, -12504, -4508, 10004, 6, 66, -18
1.21, -12532, -4812, 10140, 12, 65, -23
1.22, -12484, -5176, 10112, 21, 63, -18
1.25, -12640, -5600, 9892, 51, 64, 5
1.27, -12456, -4900, 9436, 70, 58, 18
1.30, -12296, -4244, 9540, 83, 62, 37
1.31, -12240, -3844, 9472, 76, 67, 43
1.33, -12248, -3772, 9296, 56, 60, 28
1.36, -12232, -3952, 9132, 38, 57, 252
1.38, -12204, -4056, 9212, 32, 51, -30
1.39, -12156, -4212, 9384, 18, 53, -37
1.41, -12340, -4104, 9624, 20, 61, -34
1.43, -12664, -4668, 9868, 24, 57, -42
1.45, -12688, -4788, 9876, 28, 43, -44
1.47, -12628, -5528, 9960, 34, 22, -21
1.49, -12948, -6072, 9276, 80, 1, -9
1.51, -12960, -5844, 8980, 126, -28, -26
1.53, -13088, -5184, 9380, 114, -46, -12
1.55, -13340, -4924, 9504, 132, -39, 0
1.57, -13820, -4484, 9332, 164, -63, 11
1.58, -13548, -4148, 8932, 201, -91, 20
1.60, -13180, -3744, 8928, 196, -128, 18
1.62, -13132, -3920, 8680, 173, -211, 20
1.64, -13064, -3964, 8952, 145, -263, 21
1.66, -13432, -4252, 9324, 126, -355, 29
1.68, -13736, -4900, 10116, 159, -455, 45
1.70, -13616, -5088, 9640, 173, -496, 64
1.71, -13764, -5136, 9836, 146, -531, 85
1.73, -12816, -5316, 9952, 181, -554, 81
1.75, -12264, -5148, 9896, 203, -567, 70
1.77, -11484, -4360, 10080, 239, -557, 69
1.79, -11068, -4388, 9944, 275, -549, 68
1.81, -11092, -4176, 10388, 325, -565, 51
1.83, -10908, -3748, 10712, 354, -610, 9
1.84, -10660, -3812, 10896, 340, -629, -24
1.86, -10728, -3364, 11552, 325, -585, -35
1.88, -10168, -3136, 11852, 303, -557, -46
1.90, -10044, -3036, 12176, 265, -505, -73
1.92, -10396, -3064, 12476, 239, -767, -126
1.94, -10580, -3600, 12332, 277, -547, -163
1.96, -10548, -4028, 12136, 324, -607, -174
1.98, -10168, -3768, 11896, 337, -610, -203
2.00, -9916, -3384, 12108, 350, -654, -238
2.02, -9536, -2888, 12436, 324, -691, -258
2.04, -9204, -2492, 12636, 279, -716, -295
2.05, -9032, -2272, 12964, 270, -745, -359
2.08, -8524, -1676, 13188, 197, -741, -424
2.09, -7756, -1472, 13256, 111, -736, -474
2.11, -7440, -2204, 13644, 63, -726, -496
2.13, -7308, -2772, 14036, 35, -697, -257
2.15, -6492, -3164, 13892, -23, -644, -520
2.17, -5724, -3752, 13752, -16, -628, -504
2.19, -5304, -4020, 14216, -61, -522, -525
2.21, -5308, -4760, 14444, -90, -478, -530
2.23, -4696, -4828, 14508, -100, -454, -536
2.24, -4292, -4640, 14400, -125, -374, -532
2.26, -3844, -4444, 14260, -141, -215, -524
2.28, -4188, -4680, 13760, -148, -94, -532
2.30, -4232, -5204, 13408, -108, 10, -516
2.32, -4604, -5456, 14428, -85, 27, -495
2.34, -4768, -4872, 14492, -87, 53, -404
2.36, -4368, -5372, 12304, -11, 200, -310
2.38, -5908, -5268, 13100, 40, 155, -233
2.39, -6228, -4248, 14076, 42, 107, -121
2.41, -6496, -3768, 14176, 57, 40, 69
2.43, -6508, -3644, 14760, 45, -72, 218
2.45, -5396, -3676, 13956, 2, -69, 326
2.47, -4756, -4808, 12908, 86, 86, 405
2.48, -5004, -4824, 14028, 118, 91, 464
2.51, -4792, -5056, 13620, 113, 313, 437
2.52, -4788, -5604, 13588, 184, 414, 422
2.54, -4772, -5160, 13600, 197, 484, 388
2.56, -5232, -5212, 14344, 168, 487, 301
2.58, -6416, -4832, 14524, 111, 520, 178
2.60, -7244, -5064, 13632, 100, 557, 111
2.61, -7540, -4908, 12836, 154, 599, 97
2.63, -7896, -4636, 12676, 204, 588, 136
2.65, -8192, -4476, 13040, 234, 525, 190
2.66, -8132, -3980, 13176, 230, 467, 253
2.68, -8132, -4016, 13288, 180, 402, 295
2.70, -8392, -4108, 13320, 133, 292, 329
2.72, -8748, -4920, 13176, 126, 212, 333
2.74, -8896, -5076, 13364, 89, 191, 296
2.76, -8968, -5476, 14076, 29, 198, 231
2.78, -8136, -4988, 13800, 4, 279, 214
2.82, -8240, -3792, 12764, 92, 235, 198
2.84, -8180, -3404, 12568, 115, 307, 167
2.85, -7716, -3612, 12524, 150, 393, 157
2.88, -9664, -4328, 12516, 270, 328, 151
2.89, -9620, -3884, 12116, 319, 300, 112
2.91, -10136, -4036, 12340, 329, 233, 85
2.93, -10204, -4304, 12208, 352, 166, 99
2.95, -10208, -4188, 12480, 369, 113, 111
2.96, -10164, -3900, 12732, 350, 82, 116
2.98, -10352, -3860, 13016, 347, 1, 130
3.00, -10652, -3400, 12652, 381, -30, 110
3.02, -10960, -3536, 13244, 390, -125, 95
3.04, -10524, -3840, 12088, 454, -214, 100
3.06, -10996, -3196, 12620, 458, -340, 109
3.08, -10136, -3044, 12216, 462, -452, 169
3.09, -8564, -2416, 12528, 456, -501, 223
3.11, -7912, -1676, 12840, 425, -424, 213
3.13, -7840, -1396, 12824, 381, -432, 198
3.15, -7368, -1244, 13068, 372, -487, 196
3.17, -7208, -1080, 13736, 302, -404, 182
3.18, -7468, -1052, 13664, 252, -406, 172
3.20, -7688, -1484, 14112, 259, -450, 130
3.22, -7028, -1200, 15116, 216, -378, 70
3.24, -6152, -784, 15392, 178, -264, 51
3.26, -5724, -1348, 14932, 185, -186, 49
3.28, -5652, -1444, 14848, 206, -138, 48
3.30, -5572, -1508, 14468, 212, -62, 30
3.32, -5672, -784, 14404, 197, -4, 15
3.34, -6060, -420, 14280, 183, 40, 21
3.36, -6280, -144, 14112, 137, 68, 17
3.37, -6476, -160, 14028, 95, 94, 11
3.39, -6880, -444, 14080, 50, 93, -2
3.41, -6812, -708, 13896, 23, 105, -15
3.43, -6792, -1104, 14080, 15, 138, -41
3.45, -6908, -1048, 14288, 16, 182, -56
3.47, -7128, -1380, 14400, 19, 202, -79
3.48, -7392, -1368, 14380, 11, 207, -102
3.50, -7572, -1356, 14236, -5, 202, -111
3.52, -7560, -1404, 14232, -7, 212, -105
3.54, -7672, -1672, 14092, -6, 206, -93
3.56, -7864, -1964, 14156, 9, 194, -86
3.58, -7900, -1892, 13900, 24, 188, -74
3.60, -7736, -1680, 13728, 30, 185, -57
3.62, -7836, -1544, 13312, 26, 176, -36
3.63, -7876, -1416, 13488, 18, 159, -11
3.65, -8012, -1612, 13424, 8, 158, -5
3.67, -8152, -1736, 13376, -4, 131, -7
3.69, -8264, -1888, 13372, -5, 104, -12
3.71, -8324, -1984, 13568, -2, 97, -13
3.72, -8428, -2060, 13724, -6, 83, -15
3.74, -8412, -2064, 13772, -3, 58, -23
3.76, -8500, -2036, 13712, 255, 45, -17
3.78, -8460, -2124, 13824, 14, 23, -4
3.80, -8236, -2088, 13908, 31, 15, 13
3.81, -8092, -2164, 13912, 43, 8, 29
3.83, -7884, -2392, 13716, 59, 2, 30
3.85, -7708, -2488, 13728, 88, 7, 26
3.87, -7604, -2112, 13632, 102, 21, 29
3.89, -7600, -1824, 13788, 112, 26, 39
3.91, -7696, -1792, 13736, 111, 30, 47
3.93, -7860, -1508, 13672, 100, 21, 51
3.94, -7952, -1496, 13408, 87, 14, 50
3.96, -7832, -1504, 13464, 74, 1, 39
3.98, -7836, -1640, 13552, 73, 1, 31
4.00, -7924, -1844, 13652, 75, -255, 21
4.01, -8000, -1844, 13976, 80, 5, 12
4.04, -7944, -1656, 13848, 67, 9, 12
4.06, -8000, -1572, 13848, 55, 0, 17
4.08, -8096, -1588, 14020, 64, -8, 18
4.09, -7944, -1612, 14216, 64, -3, 20
4.11, -7756, -1868, 14064, 71, -13, 13
4.13, -7484, -2044, 14000, 96, -12, 11
4.15, -7364, -1796, 13816, 113, 7, 15
4.16, -7320, -1436, 13792, 120, 23, 19
4.18, -7372, -1020, 13868, 104, 44, 32
4.20, -7548, -996, 13688, 75, 47, 31
4.22, -7692, -1112, 13744, 42, 33, 33
4.24, -7604, -1352, 13636, 13, 37, 13
4.26, -7528, -1596, 13704, 20, 51, 7
4.28, -7616, -1648, 14056, 27, 62, -256
4.30, -7668, -1580, 14180, 25, 74, 4
4.31, -7436, -1556, 13944, 18, 80, 7
4.33, -7780, -1572, 13884, 10, 79, 10
4.35, -7852, -1684, 13824, 7, 70, 11
4.37, -7772, -1916, 13860, 26, 67, 9
4.39, -7660, -1884, 13868, 32, 84, 17
4.41, -7676, -2024, 14040, 36, 87, 18
4.43, -7712, -1988, 13944, 50, 96, 15
4.44, -7720, -1908, 13976, 58, 101, 2
4.46, -7708, -1720, 13760, 64, 115, 10
4.48, -7892, -1540, 13800, 63, 110, 21
4.49, -8000, -1768, 13476, 62, 97, 30
4.51, -8100, -1548, 13444, 63, 88, 30
4.53, -8144, -1616, 13400, 53, 78, 34
4.55, -8096, -1684, 13452, 46, 65, 24
4.57, -8100, -1708, 13544, 43, 63, 17
4.59, -8184, -1764, 13664, 41, 65, 18
4.61, -8236, -1720, 13804, 41, 60, 18
4.62, -8264, -1656, 13764, 43, 57, 16
4.64, -8332, -1668, 13904, 37, 46, 18
4.66, -8144, -1660, 13772, 37, 30, 16
4.68, -8104, -2020, 13736, 38, 23, 23
4.70, -8184, -1848, 13908, 43, 35, 29
4.73, -7812, -1908, 13820, 61, 43, 17
4.75, -7736, -1896, 13700, 70, 54, 9
4.77, -7804, -1588, 13532, 78, 64, 11
4.78, -7908, -1440, 13696, 76, 65, 10
4.80, -8060, -1356, 13612, 69, 59, 18
4.82, -8268, -1384, 13584, 66, 45, 16
4.84, -8220, -1288, 13584, 53, 35, 16
4.86, -8132, -1580, 13612, 50, 30, 10
4.88, -8188, -1736, 13648, 48, 24, 6
4.89, -8108, -1676, 13624, 50, 29, 1
4.91, -8040, -1668, 13744, 46, 27, 8
4.93, -7944, -1748, 13676, 45, 29, 5
4.95, -8016, -1796, 13824, 51, 25, 4
4.97, -8156, -1676, 13788, 43, 31, 10
4.98, -7856, -1680, 13876, 43, 36, 4
5.01, -7868, -1764, 13984, 46, 44, 12
5.02, -7900, -1872, 13884, 54, 52, 9
5.04, -7876, -1928, 13768, 62, 50, 7
5.06, -7948, -1848, 13612, 74, 59, 8
5.08, -7996, -1500, 13684, 84, 62, 16
5.09, -8048, -1512, 13748, 77, 58, 20
5.11, -8216, -1524, 13632, 63, 49, 30
5.13, -8228, -1452, 13504, 54, 33, 27
5.15, -8160, -1284, 13408, 46, 28, 21
5.17, -8020, -1704, 13552, 42, 30, 16
5.19, -8048, -1812, 13676, 51, 38, 3
5.21, -8048, -1724, 13760, 47, 38, 4
5.22, -8168, -1788, 13888, 49, 42, 1
5.24, -8148, -1696, 13760, 49, 40, 1
5.26, -8416, -1764, 13704, 49, 28, 4
5.28, -8136, -1764, 13808, 52, 20, 3
5.30, -8008, -1828, 13980, 58, 26, 11
5.31, -7864, -1904, 13844, 66, 26, 15
5.33, -7744, -1832, 13700, 73, 32, 11
5.34, -7772, -1700, 13620, 82, 57, 12
5.36, -7908, -1408, 13648, 82, 65, 25
5.38, -8028, -1316, 13608, 72, 59, 30
5.40, -8076, -1032, 13648, 63, 49, 32
5.42, -8156, -1356, 13444, 50, 41, 18
5.44, -8124, -1768, 13568, 44, 34, 16
5.46, -8128, -1596, 13684, 40, 35, 16
5.48, -8136, -1692, 13724, 43, 40, 9
5.49, -8192, -1688, 13648, 45, 34, 12
5.51, -8192, -1716, 13696, 48, 32, 1
5.53, -8020, -1732, 13720, 49, 35, 7
5.55, -7920, -1720, 13720, 64, 42, 16
5.57, -7928, -1588, 14128, 53, 41, 40
5.58, -7804, -1704, 14108, 49, 53, 61
5.60, -7504, -1356, 14100, 44, 62, 118
5.62, -7480, -828, 14276, -4, 76, 154
5.64, -7244, -436, 14112, -70, 100, 187
5.66, -7072, -144, 14172, -143, 122, 210
5.67, -6972, -428, 14024, -209, 139, 225
5.69, -6724, -752, 13488, -244, 210, 223
5.71, -6644, -956, 13640, -282, 287, 197
5.73, -7032, -1032, 14036, -319, 350, 154
5.75, -7776, -1728, 13740, -334, 364, 105
5.77, -8600, -2560, 13880, -306, 384, 42
5.79, -9112, -2868, 13412, -260, 377, -6
5.81, -9508, -2928, 13180, -249, 343, -38
5.82, -9876, -2912, 13012, -231, 293, -90
5.84, -9856, -2996, 12676, -179, 265, -156
5.86, -9812, -2684, 12540, -131, 218, -199
5.88, -9760, -2292, 12448, -101, 193, -236
5.90, -9632, -2132, 12372, -116, 170, -259
5.91, -9228, -2264, 12416, -131, 150, -249
5.93, -8936, -2800, 12680, -143, 183, -266
5.95, -8904, -2888, 12828, -128, 188, -257
5.97, -9160, -2956, 13124, -125, 180, -248
5.99, -9388, -3156, 13200, -134, 203, -248
6.01, -9676, -3352, 13168, -141, 211, -235
6.03, -9724, -3656, 13068, -145, 192, -214
6.04, -9728, -3584, 12696, -155, 175, -197
6.06, -9704, -3592, 12520, -158, 160, -189
6.08, -9624, -3604, 12456, -162, 151, -195
6.09, -9332, -3616, 12436, -152, 133, -174
6.11, -9144, -3652, 12492, -149, 117, -159
6.13, -9000, -3648, 12412, -155, 134, -153
6.15, -8792, -3596, 12188, -160, 161, -146
6.17, -8884, -4020, 12156, -150, 196, -161
6.19, -8880, -4156, 12288, -135, 198, -178
6.21, -9104, -4436, 12340, -107, 180, -176
6.23, -9400, -4384, 12388, -92, 177, -173
6.24, -9560, -4508, 12504, -81, 165, -170
6.26, -9864, -4612, 12472, -67, 141, -154
6.28, -9924, -4732, 12484, -57, 110, -130
6.30, -9756, -4640, 12476, -44, 74, -119
6.32, -9488, -4936, 12080, -32, 69, -120
6.34, -9292, -4868, 12176, -21, 67, -115
6.36, -9472, -4696, 12276, 3, 68, -122
6.37, -9312, -4696, 12080, 22, 73, -112
6.39, -9368, -4640, 11972, 38, 70, -93
6.41, -9480, -4648, 11876, 50, 60, -73
6.43, -9324, -4440, 11652, 68, 68, -71
6.45, -9268, -4516, 11668, 66, 74, -82
6.46, -9412, -4600, 11984, 76, 51, -75
6.48, -9408, -4700, 12144, 69, 42, -70
6.50, -9520, -4824, 12488, 52, 27, -50
6.52, -9596, -5008, 12492, 46, 14, -28
6.54, -9484, -5084, 12436, 35, 12, -10
6.56, -9412, -5104, 12264, 36, 15, 2
6.57, -9236, -5312, 12492, 53, 17, 21
6.59, -9204, -5164, 12208, 66, 12, 28
6.61, -9224, -4984, 12204, 69, 18, 19
6.64, -9364, -4828, 12100, 83, 5, 28
6.66, -9412, -4680, 12156, 88, -6, 39
6.67, -9716, -4604, 12132, 101, -15, 45
6.69, -9544, -4560, 12252, 99, -13, 57
6.71, -9400, -4480, 12024, 101, -16, 53
6.73, -9468, -4412, 12108, 87, 6, 39
6.75, -9148, -4304, 12044, 83, 5, 20
6.76, -9224, -4440, 12188, 78, -6, 13
6.78, -9152, -4480, 12524, 79, -2, 10
6.80, -9140, -4600, 12516, 73, -8, 12
6.82, -9140, -4744, 12584, 65, 3, 11
6.84, -9164, -4844, 12652, 62, 10, 10
6.86, -9228, -4740, 12652, 59, 6, 19
6.87, -9168, -4916, 12316, 56, 12, 29
6.89, -9184, -5008, 12520, 71, 8, 36
6.91, -9088, -5028, 12328, 85, 11, 34
6.93, -9068, -4644, 12352, 93, 19, 23
6.94, -9108, -4524, 12516, 92, 20, 19
6.96, -9124, -4360, 12356, 101, 22, 21
6.98, -9276, -4272, 12524, 91, 20, 24
7.00, -9372, -4208, 12404, 84, 13, 26
7.01, -9292, -4232, 12232, 72, 13, 38
7.03, -9076, -4176, 12100, 61, 23, 35
7.05, -8928, -4228, 12096, 46, 39, 19
7.07, -8884, -4216, 12256, 41, 45, 10
7.09, -9076, -4444, 12344, 38, 57, 255
7.11, -9072, -4548, 12468, 37, 56, -2
7.13, -8972, -4620, 12536, 33, 49, -3
7.14, -9348, -4748, 12556, 40, 45, -256
7.16, -9392, -4864, 12572, 42, 39, 7
7.18, -9276, -4964, 12644, 49, 36, 19
7.20, -9196, -4992, 12468, 60, 36, 26
7.21, -9172, -4924, 12412, 75, 32, 25
7.24, -9448, -4628, 12540, 87, 32, 13
7.25, -9216, -4420, 12332, 94, 24, 16
7.28, -9308, -4236, 12280, 97, 15, 20
7.29, -9408, -4296, 12276, 97, 17, 26
7.31, -9360, -4216, 12348, 88, 8, 29
7.33, -9280, -4244, 12208, 81, 7, 24
7.35, -9040, -4208, 12120, 70, 19, 18
7.37, -8872, -4148, 12168, 66, 30, 7
7.38, -8892, -4136, 12524, 55, 31, 3
7.40, -9132, -4560, 12652, 54, 37, -3
7.42, -9228, -4516, 12684, 42, 30, -6
7.44, -9304, -4624, 12792, 48, 18, 251
7.46, -9464, -4628, 12776, 47, 14, 11
7.48, -9196, -5032, 12788, 59, 14, 30
7.50, -9200, -4948, 12620, 78, 15, 42
7.52, -9084, -4700, 12412, 91, 23, 30
7.54, -9216, -4112, 12276, 104, 21, 23
7.55, -8964, -4084, 12260, 110, 18, 26
7.57, -9072, -4032, 12248, 103, 20, 32
7.59, -9084, -3896, 12296, 89, 17, 33
7.61, -8996, -4348, 12052, 79, 23, 22
7.63, -9004, -4088, 12144, 67, 35, 10
7.65, -9008, -4140, 12396, 61, 22, -6
7.67, -9108, -4344, 12316, 58, 25, -9
7.69, -9336, -4456, 12644, 65, 15, -15
7.71, -9228, -4504, 12648, 68, 12, -6
7.73, -9472, -4696, 12732, 67, 6, -2
7.75, -9048, -4848, 12720, 62, 6, 5
7.77, -8988, -4936, 12736, 71, 11, 23
7.78, -8996, -4864, 12704, 83, 17, 31
7.80, -8920, -4576, 12668, 93, 21, 30
7.82, -8948, -4300, 12540, 105, 29, 28
7.84, -9000, -4092, 12520, 115, 34, 36
7.86, -9004, -3980, 12380, 129, 23, 43
7.87, -9020, -3792, 12400, 131, 22, 49
7.89, -9148, -3648, 12376, 118, 24, 38
7.91, -9016, -3604, 11980, 103, 38, 11
7.93, -8932, -3624, 11804, 94, 56, -13
7.95, -9096, -3836, 12296, 95, 39, -16
7.96, -9248, -4212, 12784, 83, -255, -14
7.98, -9324, -4428, 12896, 97, -21, -2
8.00, -9380, -4848, 13276, 106, -29, 13
8.02, -9232, -4900, 13464, 106, -30, 30
8.04, -8972, -5156, 13272, 104, -18, 58
8.05, -8812, -5080, 12804, 119, 1, 75
8.07, -8744, -4904, 12496, 142, 23, 56
8.09, -8880, -4520, 12472, 172, 21, 48
8.11, -9008, -3724, 12436, 180, 20, 48
8.13, -9024, -3360, 12436, 175, 14, 61
8.14, -9024, -3372, 12288, 164, -5, 72
8.17, -8836, -3272, 12020, 154, 9, 73
8.19, -8852, -3356, 11864, 152, 20, 47
8.20, -8976, -3520, 12196, 142, 19, 34
8.22, -9136, -3648, 12756, 140, -17, 29
8.24, -9380, -3604, 13112, 160, -32, 20
8.26, -9396, -3880, 13456, 161, -39, -256
8.28, -9220, -4108, 13508, 161, -25, -9
8.29, -8908, -4280, 13304, 175, -11, 22
8.31, -8636, -4396, 13408, 169, 5, 55
8.33, -8348, -4388, 12896, 160, 34, 63
8.34, -8436, -4100, 12752, 169, 73, 73
8.36, -8540, -3728, 12704, 177, 70, 101
8.38, -8544, -3432, 12792, 173, 57, 163
8.40, -8484, -3104, 12844, 164, 51, 207
8.42, -8416, -2848, 12948, 123, 66, 229
8.44, -7980, -2604, 12592, 73, 106, 225
8.46, -8316, -2764, 12680, 50, 128, 205
8.48, -8508, -2844, 13044, 38, 123, 180
8.49, -8772, -3056, 13068, 32, 136, 157
8.51, -9464, -2904, 13148, 25, 155, 132
8.53, -9600, -3252, 13128, 25, 140, 115
8.56, -9940, -3744, 13152, 40, 89, 104
8.58, -10136, -4084, 12840, 65, 51, 81
8.60, -9664, -3768, 12600, 105, 27, 43
8.62, -9416, -3360, 12652, 129, 21, 35
8.64, -9312, -2916, 12752, 152, 25, 31
8.65, -9280, -2544, 12448, 161, 27, 24
8.67, -9204, -2160, 12568, 156, 26, 17
8.69, -9092, -2180, 12420, 119, 31, 13
8.71, -8864, -2232, 12204, 86, 33, -3
8.73, -8588, -2812, 12168, 70, 48, -13
8.74, -8576, -2760, 12752, 71, 53, 1
8.76, -8696, -3020, 13228, 59, 59, 34
8.78, -8852, -3008, 13324, 43, 98, 62
8.80, -9028, -2832, 13672, 7, 130, 79
8.82, -9308, -3312, 13548, -15, 128, 99
8.84, -9336, -3588, 12956, -14, 125, 86
8.86, -9348, -3452, 12644, 5, 121, 76
8.87, -9332, -3236, 12620, 29, 120, 82
8.89, -9408, -2820, 12572, 47, 117, 85
8.91, -9384, -2520, 12412, 57, 114, 82
8.93, -9512, -2332, 12192, 49, 108, 68
8.94, -9556, -2324, 12060, 33, 93, 51
8.96, -9444, -2536, 11884, 25, 100, 28
8.98, -9464, -2792, 12084, 18, 108, 2
9.00, -9600, -3016, 12420, 30, 108, -9
9.02, -9864, -3068, 12560, 34, 111, -7
9.04, -10132, -3224, 12952, 30, 105, -8
9.06, -10464, -3344, 12896, 33, 70, -9
9.07, -10232, -3488, 12952, 27, 41, 5
9.09, -10132, -3740, 12784, 43, 255, 8
9.11, -9764, -3568, 12312, 66, -14, 5
9.13, -9408, -3156, 12340, 84, -8, 9
9.15, -9468, -2844, 12712, 99, 6, 24
9.16, -9252, -2580, 12464, 104, 22, 37
9.18, -9292, -2408, 12332, 101, 31, 48
9.21, -9340, -2444, 12292, 82, 33, 41
9.22, -9276, -2496, 11956, 59, 34, 25
9.24, -9204, -2648, 12016, 52, 42, 2
9.26, -9344, -2736, 12472, 52, 56, 2
9.28, -9564, -2908, 12796, 45, 70, 5
9.29, -9812, -2964, 13016, 31, 76, 9
9.31, -9964, -3080, 13032, 26, 61, 15
9.33, -9852, -3472, 12872, 21, 36, 24
9.35, -9880, -3696, 13036, 28, 18, 33
9.37, -9492, -3656, 12624, 57, -255, 24
9.39, -9216, -3128, 12596, 73, 15, 20
9.41, -9140, -2612, 12312, 84, 33, 25
9.43, -8968, -2380, 12456, 94, 50, 32
9.45, -9416, -2364, 12364, 92, 45, 40
9.47, -9700, -2500, 12196, 71, 58, 22
9.49, -9312, -2596, 12212, 57, 51, 2
9.51, -9112, -2692, 11924, 48, 58, -17
9.52, -9328, -2844, 12492, 55, 63, -11
9.54, -9628, -2972, 12932, 48, 97, -4
9.56, -9740, -2976, 12992, 33, 100, 4
9.58, -10008, -3080, 13036, 22, 77, 4
9.59, -10064, -3268, 12964, 13, 54, 14
9.61, -10160, -3772, 13012, 18, 21, 25
9.63, -9720, -3512, 12448, 50, 5, 15
9.65, -9708, -3144, 12748, 71, 9, 42
9.69, -9384, -2328, 12492, 95, 36, 45
9.71, -9464, -2340, 12192, 79, 35, 44
9.73, -9352, -2488, 12224, 65, 34, 28
9.75, -9216, -2552, 11948, 49, 44, 255
9.77, -9356, -2776, 12072, 44, 61, -11
9.79, -9652, -2860, 12652, 47, 78, -9
9.81, -9932, -2952, 13056, 37, 83, -11
9.82, -10072, -3060, 12992, 38, 66, -12
9.84, -9744, -3128, 12972, 29, 42, 5
9.86, -9932, -3532, 13080, 23, 18, 25
9.88, -9764, -3700, 12920, 41, -1, 29
9.89, -9372, -3424, 12540, 62, -3, 20
9.91, -9168, -2928, 12608, 75, 25, 16
9.93, -9140, -2528, 12296, 86, 46, 27
9.95, -9268, -2252, 12312, 90, 61, 35
9.97, -9488, -2248, 12220, 83, 58, 35
9.99, -9512, -2424, 12204, 65, 55, 25
10.00, -9536, -2552, 11876, 53, 55, 6
10.02, -9312, -2336, 11972, 42, 61, -14
10.04, -9584, -2760, 12556, 43, 72, -7
10.06, -9876, -2876, 12940, 35, 87, -2
10.07, -10064, -2956, 12916, 32, 85, -1
10.09, -10088, -3156, 12884, 26, 72, 1
10.11, -10076, -3404, 12748, 26, 44, 13
10.13, -10064, -3652, 12864, 33, 18, 28
10.15, -9816, -3708, 12648, 52, -2, 27
10.17, -9408, -3152, 12480, 70, 12, 21
10.18, -9276, -2752, 12320, 72, 30, 25
10.20, -9392, -2372, 12488, 89, 47, 36
10.22, -9596, -2284, 12312, 90, 47, 40
10.24, -9564, -2408, 12148, 80, 46, 36
10.26, -9580, -2476, 11932, 57, 42, 15
10.28, -9440, -2660, 12004, 52, 45, 0
10.30, -9356, -2672, 12348, 48, 54, -16
10.31, -9700, -2808, 12752, 38, 74, -9
10.33, -9864, -3000, 12940, 39, 80, -8
10.35, -10052, -3200, 12896, 38, 62, 2
10.37, -10068, -3284, 12956, 39, 48, 12
10.39, -10200, -3564, 12900, 35, 22, 20
10.41, -9808, -3412, 12480, 41, -2, 13
10.43, -9728, -3100, 12344, 58, 5, 9
10.44, -9712, -2568, 12532, 77, 18, 23
10.48, -9508, -2436, 12376, 95, 36, 36
10.50, -9540, -2272, 12136, 87, 40, 29
10.52, -9448, -2280, 11816, 66, 36, 4
10.54, -9376, -2532, 11852, 43, 36, -16
10.56, -9460, -2712, 12372, 49, 53, -11
10.57, -9700, -2884, 12980, 44, 65, -9
10.59, -9860, -2908, 13004, 36, 77, -6
10.61, -9996, -3128, 13128, 31, 63, 6
10.63, -10176, -3404, 13164, 25, 44, 20
10.65, -10056, -3776, 12688, 33, 15, 27
10.67, -9552, -3476, 12508, 59, 6, 19
10.69, -9324, -2868, 12464, 75, 20, 29
10.71, -9332, -2404, 12432, 84, 37, 40
10.72, -9416, -2368, 12348, 87, 49, 44
10.74, -9532, -2328, 12312, 79, 41, 38
10.76, -9572, -2472, 12276, 64, 48, 33
10.78, -9484, -2472, 11924, 58, 57, 12
10.80, -9356, -2344, 11592, 44, 55, -15
10.81, -9452, -2608, 12360, 44, 76, -11
10.84, -9872, -2764, 12840, 33, 95, -12
10.85, -10152, -2884, 12952, 30, 87, -4
10.87, -10476, -3112, 12944, 21, 66, -3
10.89, -10108, -3292, 12712, 25, 39, 10
10.91, -10172, -3684, 13044, 33, 5, 22
10.93, -9788, -3608, 12572, 54, -9, 17
10.94, -9356, -3156, 12492, 71, 6, 16
10.96, -9352, -2652, 12536, 84, 32, 24
10.98, -9440, -2528, 12312, 93, 48, 35
11.00, -9608, -2268, 12236, 90, 49, 41
11.02, -9584, -2288, 11988, 73, 41, 28
11.04, -9552, -2452, 11784, 56, 44, 3
11.06, -9404, -2528, 11948, 45, 48, -13
11.08, -9568, -2696, 12420, 44, 67, -12
11.09, -9912, -2856, 12904, 38, 83, -7
11.11, -10056, -2876, 12864, 26, 86, -8
11.13, -10248, -3112, 12884, 18, 54, 8
11.15, -10012, -3508, 13044, 13, 29, 21
11.17, -10092, -3616, 12700, 31, -4, 34
11.19, -9660, -3636, 12420, 60, -20, 24
11.20, -9264, -2952, 12468, 80, 14, 20
11.22, -9228, -2452, 12368, 88, 40, 30
11.24, -9448, -2124, 12196, 92, 53, 35
11.26, -9648, -2036, 12188, 86, 51, 39
11.27, -9984, -2076, 11936, 75, 48, 30
11.29, -9648, -2516, 11844, 57, 40, 5
11.31, -9468, -2572, 11824, 45, 42, -14
11.33, -9456, -2612, 12332, 47, 65, -18
11.35, -9872, -2732, 12940, 42, 77, -8
11.37, -10148, -2756, 12976, 33, 82, -12
11.38, -10184, -2964, 12928, 22, 57, -5
11.40, -10156, -3460, 12716, 24, 35, 14
11.42, -10164, -3732, 12816, 31, 13, 30
11.44, -9764, -3536, 12492, 52, -6, 18
11.46, -9420, -2960, 12412, 71, 19, 20
11.48, -9364, -2524, 12396, 80, 40, 23
11.50, -9536, -2340, 12180, 87, 52, 36
11.52, -9660, -2240, 12100, 79, 37, 32
11.54, -9728, -2460, 11924, 61, 37, 15
11.56, -9492, -2500, 11624, 48, 41, -10
11.58, -9360, -2604, 12256, 42, 56, -22
11.60, -9772, -2844, 12796, 44, 77, -15
11.62, -10092, -2924, 12972, 42, 82, -3
11.64, -10228, -3316, 12888, 31, 64, -2
11.66, -10292, -3328, 12900, 21, 40, 18
11.68, -10380, -3720, 12812, 28, 9, 31
11.69, -10204, -3836, 12444, 54, -15, 19
11.71, -9556, -3052, 12484, 68, -1, 18
11.73, -9432, -2556, 12516, 77, 20, 34
11.75, -9440, -2228, 12196, 90, 37, 39
11.77, -9548, -2208, 12036, 84, 43, 39
11.78, -9588, -2076, 11984, 70, 44, 23
11.80, -9552, -2416, 11740, 55, 43, -10
11.82, -9336, -2516, 11904, 43, 52, -28
11.84, -9636, -2728, 12536, 41, 68, -19
11.86, -9948, -2796, 13048, 39, 84, -13
11.87, -10168, -2952, 12908, 32, 80, -13
11.89, -10200, -3028, 13012, 26, 60, -9
11.91, -10188, -3388, 12924, 29, 37, 12
11.93, -10160, -3816, 12852, 34, 7, 23
11.95, -9768, -3608, 12452, 59, -16, 13
11.97, -9372, -2944, 12432, 81, 13, 19
11.99, -9276, -2372, 12448, 93, 35, 26
12.01, -9240, -2008, 12080, 91, 61, 34
12.02, -9980, -2120, 12104, 82, 59, 39
12.04, -9848, -2248, 11956, 64, 45, 22
12.06, -9724, -2508, 11756, 45, 36, 255
12.08, -9512, -2636, 11772, 40, 36, -20
12.10, -9560, -2700, 12088, 44, 55, -20
12.11, -9908, -2736, 12832, 38, 77, -11
12.14, -10200, -2848, 13052, 33, 77, -3
12.15, -10312, -3116, 12984, 29, 53, 2
12.17, -10344, -3400, 13284, 19, 26, 22
12.19, -10204, -3740, 13004, 31, -9, 29
12.21, -9676, -3488, 12472, 51, -15, 23
12.22, -9368, -2960, 12432, 73, 7, 26
12.24, -9344, -2548, 12372, 81, 35, 32
12.26, -9232, -2232, 12248, 89, 53, 38
12.28, -9676, -2236, 12048, 82, 46, 32
12.30, -9700, -2408, 11960, 70, 41, 19
12.32, -9540, -2536, 11600, 58, 40, -16
12.34, -9452, -2520, 11992, 44, 49, -31
12.35, -9628, -2772, 12648, 49, 67, -24
12.37, -9764, -2764, 12920, 44, 80, -15
12.40, -10468, -2944, 12932, 32, 67, -2
12.42, -10008, -3408, 12896, 23, 36, 17
12.44, -10264, -3716, 12944, 35, 10, 33
12.46, -9796, -3524, 12536, 53, -9, 26
12.47, -9432, -3032, 12344, 66, 10, 22
12.49, -9408, -2764, 12784, 75, 32, 27
12.51, -9480, -2256, 12300, 78, 50, 39
12.53, -9700, -2228, 12152, 86, 52, 38
12.55, -9792, -2056, 12076, 71, 44, 30
12.57, -9768, -2448, 11804, 56, 34, 14
12.59, -9512, -2528, 11708, 44, 38, -16
12.61, -9508, -2584, 12204, 38, 58, -19
12.62, -9880, -2748, 12748, 37, 83, -11
12.64, -10128, -2836, 12864, 29, 86, -5
12.66, -10340, -2952, 12984, 28, 66, -7
12.67, -10496, -3280, 12904, 22, 36, 7
12.69, -10396, -3688, 12976, 23, 12, 21
12.71, -9936, -3776, 12700, 45, -15, 21
12.73, -9324, -3120, 12280, 79, -4, 23
12.75, -9240, -2472, 12388, 86, 24, 35
12.77, -9352, -2128, 12032, 94, 56, 35
12.79, -9640, -2104, 12080, 88, 60, 34
12.81, -9844, -2260, 11996, 71, 54, 23
12.82, -9800, -2420, 11704, 53, 41, 1
12.84, -9544, -2608, 11676, 39, 36, -20
12.86, -9596, -2680, 11804, 47, 51, -25
12.88, -9844, -2764, 12720, 43, 76, -9
12.90, -10200, -2784, 12908, 35, 80, -8
12.91, -10280, -2948, 12996, 28, 54, -5
12.94, -10224, -3364, 12736, 26, 29, 13
12.95, -10180, -3696, 12816, 35, 6, 19
12.97, -9644, -3440, 12412, 60, -4, 16
12.99, -9332, -2900, 12448, 74, 20, 15
13.01, -9428, -2480, 12420, 81, 41, 24
13.03, -9600, -2184, 12520, 86, 55, 28
13.04, -9840, -2224, 12120, 78, 52, 30
13.07, -9836, -2460, 11908, 64, 35, 24
13.08, -9620, -2624, 11944, 50, 32, 0
13.10, -9380, -2652, 11824, 35, 46, -20
13.12, -9484, -2728, 12524, 42, 74, -13
13.14, -9920, -2796, 12772, 36, 90, -9
13.16, -10204, -2876, 12852, 34, 82, -2
13.17, -10336, -3008, 12848, 30, 61, 6
13.19, -10368, -3300, 12832, 20, 42, 21
13.21, -9992, -3568, 12680, 27, 15, 28
13.23, -9612, -3276, 12260, 56, 9, 23
13.25, -9388, -2828, 12356, 73, 24, 24
13.27, -9432, -2316, 12384, 88, 51, 37
13.28, -9572, -2192, 12328, 86, 61, 38
13.30, -9788, -2384, 12032, 70, 66, 39
13.32, -10012, -2608, 11968, 65, 59, 19
13.34, -10028, -2700, 11844, 51, 45, -4
13.36, -10036, -2784, 11976, 50, 38, -22
13.37, -9992, -2756, 12276, 49, 38, -24
13.39, -10064, -2800, 12556, 41, 35, -14
13.41, -10212, -2916, 12584, 43, 38, -4
13.43, -10032, -2972, 12580, 48, 31, 4
13.45, -10084, -3024, 12752, 48, 26, 11
13.47, -10032, -3432, 12524, 55, 2, 21
13.49, -9488, -3092, 12364, 72, -5, 18
13.51, -9588, -2828, 12476, 88, 2, 26
13.52, -9532, -2528, 12400, 88, 16, 38
13.54, -9636, -2420, 12360, 87, 25, 46
13.56, -9616, -2484, 12116, 87, 31, 44
13.58, -9508, -2512, 11968, 76, 28, 23
13.60, -9224, -2416, 11792, 63, 38, 4
13.62, -9564, -2480, 12380, 48, 59, -5
13.64, -9836, -2484, 12600, 36, 73, -12
13.65, -10048, -2644, 12524, 26, 79, -7
13.67, -10204, -2592, 12720, 14, 65, -8
13.69, -10200, -2936, 12704, 16, 51, 254
13.71, -10036, -3032, 12664, 25, 33, 5
13.73, -9880, -3124, 12732, 36, 28, 16
13.74, -9836, -3280, 13036, 41, 23, 24
13.77, -9500, -3132, 12304, 67, 28, 16
13.79, -9472, -2856, 12456, 80, 44, 16
13.80, -9544, -2492, 12360, 84, 62, 18
13.82, -9704, -2368, 12240, 87, 70, 19
13.84, -9800, -2264, 12140, 85, 68, 24
13.85, -9972, -2432, 12028, 75, 61, 14
13.87, -9860, -2428, 11804, 55, 52, -5
13.89, -9776, -2508, 11808, 50, 57, -20
13.91, -9864, -2696, 12140, 43, 61, -16
13.93, -10092, -2896, 12412, 38, 74, -15
13.94, -10168, -3020, 12624, 28, 72, -3
13.96, -10168, -2768, 12480, 22, 62, -7
13.98, -10220, -2912, 12584, 18, 39, -253
14.00, -10028, -3100, 12408, 27, 23, 7
14.02, -9816, -3196, 12460, 39, 18, 12
14.04, -9676, -3100, 12668, 52, 25, 22
14.06, -9780, -3212, 12780, 53, 27, 35
14.08, -9700, -3252, 12504, 69, 31, 29
14.09, -9676, -2884, 12444, 87, 39, 26
14.11, -9540, -2632, 12160, 87, 53, 35
14.13, -9640, -2332, 12172, 91, 58, 41
14.15, -9852, -2212, 12100, 85, 58, 43
14.17, -9848, -2272, 11840, 70, 56, 15
14.19, -9880, -2396, 12024, 53, 55, 1
14.20, -10040, -2568, 12376, 44, 56, -7
14.22, -10108, -2744, 12440, 39, 64, -7
14.24, -10120, -2724, 12472, 28, 65, -8
14.26, -10216, -2760, 12524, 16, 52, -2
14.28, -10148, -2884, 12584, 14, 36, -2
14.30, -10220, -3316, 12400, 41, 33, -1
14.34, -9596, -3072, 12448, 51, 36, 2
14.35, -9628, -2984, 12440, 64, 46, 3
14.37, -9708, -2740, 12744, 69, 61, 3
14.39, -9856, -2688, 12496, 62, 64, 8
14.40, -9732, -2772, 12400, 58, 62, 17
14.42, -10200, -2800, 12540, 43, 58, 24
14.44, -10148, -3148, 12392, 57, 40, 23
14.46, -10168, -2972, 12332, 74, 34, 23
14.48, -10096, -2708, 12088, 86, 44, 26
14.50, -9980, -2384, 11992, 88, 30, 29
14.51, -9752, -2252, 12048, 83, 30, 15
14.53, -9976, -2084, 11972, 69, 29, 11
14.55, -10084, -2308, 12184, 51, 21, 8
14.57, -10048, -2728, 12272, 40, 21, 0
14.59, -9972, -2836, 12400, 33, 26, -6
14.60, -10056, -2936, 12320, 30, 21, -5
14.62, -10000, -2912, 12468, 27, 17, -8
14.64, -9928, -2916, 12360, 38, 14, -4
14.66, -9888, -2992, 12380, 44, 14, -4
14.67, -9932, -3020, 12516, 48, 9, -7
14.70, -9848, -2884, 12484, 56, 11, -14
14.71, -9856, -2704, 12372, 50, 11, -21
14.73, -9716, -2628, 12540, 51, 7, -23
14.75, -9740, -2716, 12364, 46, 18, -20
14.77, -9716, -3072, 12328, 46, 15, -12
14.79, -9680, -2824, 12380, 45, 26, -4
14.81, -9632, -2956, 12476, 44, 27, 14
14.82, -9680, -2800, 12548, 30, 54, 13
14.84, -9736, -2568, 12700, 22, 72, 31
14.86, -9776, -3040, 12640, 19, 66, 47
14.87, -9824, -3140, 12304, 32, 64, 60
14.89, -9888, -3044, 12124, 44, 71, 58
14.91, -9988, -2992, 12028, 52, 74, 49
14.93, -10012, -2600, 11828, 69, 56, 21
14.95, -10168, -2768, 11932, 60, 53, 13
14.97, -10036, -2948, 12272, 50, 45, 11
14.99, -10156, -2940, 12036, 62, 64, -6
15.01, -10256, -2864, 12412, 79, 37, -7
15.03, -10388, -2340, 12332, 58, 32, -22
15.05, -10408, -2404, 12232, 40, 8, -13
15.07, -10196, -3016, 12516, 36, -12, 6
15.08, -10080, -3692, 12544, 46, -45, 27
15.10, -9816, -3560, 12564, 72, -62, 27
15.12, -9704, -3096, 12880, 75, -52, 16
15.14, -9520, -2696, 12748, 67, -39, 18
15.16, -8980, -2084, 12552, 64, -23, 24
15.17, -9128, -2144, 12536, 63, 2, 35
15.19, -8984, -2280, 12168, 80, 34, 39
15.21, -9048, -2504, 12072, 81, 55, 24
15.23, -9304, -2700, 11984, 75, 76, 3
15.24, -9560, -2908, 12168, 78, 77, -4
15.26, -9900, -2916, 12288, 67, 96, -3
15.28, -10180, -2976, 12552, 65, 90, 9
15.30, -10296, -2828, 12332, 56, 81, 10
15.32, -10412, -2772, 12700, 42, 65, 20
15.34, -10412, -2744, 12812, 24, 48, 33
15.36, -10240, -3180, 12520, 9, 7, 36
15.38, -9716, -3144, 12416, 18, 13, 24
15.40, -9500, -2848, 12396, 35, 37, 23
15.41, -9428, -2608, 12456, 41, 57, 42
15.44, -9496, -2808, 12040, 49, 74, 48
15.46, -9972, -2584, 12164, 51, 77, 35
15.47, -9908, -2544, 11944, 45, 74, 12
15.49, -10008, -2516, 12036, 42, 62, 2
15.51, -10236, -2732, 11964, 45, 58, -14
15.53, -10040, -2712, 12428, 44, 64, -15
15.55, -10100, -2880, 12480, 47, 64, -16
15.57, -10196, -2852, 12588, 52, 60, -13
15.59, -10208, -3072, 12600, 52, 48, -10
15.60, -10312, -3228, 12404, 59, 30, -9
15.62, -10244, -3380, 12540, 69, 10, 255
15.64, -10124, -3420, 12480, 74, -8, 4
15.66, -10016, -3364, 12472, 87, -21, -5
15.67, -9816, -2912, 12684, 98, -5, -4
15.69, -9704, -2384, 12412, 104, 10, 9
15.71, -9764, -2108, 12396, 104, 15, 25
15.73, -9784, -2168, 12020, 83, 17, 47
15.75, -9800, -2392, 12252, 71, 11, 56
15.77, -9712, -2380, 11968, 60, 11, 42
15.79, -9396, -2356, 11732, 43, 24, 17
15.80, -9364, -2544, 12540, 38, 60, 5
15.82, -9724, -2776, 12636, 38, 80, 8
15.84, -9988, -2876, 12684, 35, 93, 6
15.86, -10128, -2740, 12812, 21, 81, 5
15.88, -10156, -3032, 12728, 13, 47, 18
15.90, -10120, -3396, 12552, 16, 29, 28
15.92, -10020, -3568, 12688, 26, 18, 20
15.94, -9648, -3416, 12420, 51, 14, 17
15.96, -9556, -2920, 12492, 74, 42, 18
15.98, -9580, -2564, 12428, 91, 61, 21
15.99, -9612, -2232, 12300, 98, 64, 32
16.02, -9852, -2112, 12004, 82, 62, 33
16.04, -9916, -2224, 11920, 64, 55, 29
16.05, -9800, -2400, 11724, 54, 55, 1
16.07, -9700, -2396, 11676, 41, 59, -16
16.09, -9784, -2616, 12196, 33, 87, -22
16.11, -10132, -2768, 12680, 35, 105, -12
16.13, -10472, -2940, 12796, 27, 92, -6
16.14, -10564, -3000, 12680, 22, 65, -8
16.16, -10708, -3228, 12400, 21, 24, 15
16.18, -10340, -3448, 12644, 26, 2, 31
16.20, -9976, -3440, 12328, 42, -21, 29
16.22, -9688, -3104, 12380, 82, 18, 15
16.25, -9636, -2364, 12440, 94, 38, 24
16.27, -9840, -2284, 12172, 95, 47, 37
16.29, -9748, -2308, 12048, 84, 39, 30
16.31, -9960, -2332, 11976, 69, 27, 19
16.33, -9492, -2380, 11760, 55, 35, 252
16.35, -9656, -2544, 11840, 47, 45, -8
16.37, -9828, -2704, 12080, 45, 61, -11
16.39, -10120, -2780, 12616, 38, 74, -10
16.41, -10300, -2976, 12572, 29, 67, -7
16.42, -10320, -3036, 12560, 30, 41, -6
16.44, -10228, -3232, 12700, 35, 15, 6
16.46, -10144, -3464, 12724, 49, -10, 18
16.48, -9992, -3300, 12768, 70, -12, -3
16.50, -9804, -2904, 12532, 86, 2, -12
16.52, -9836, -2496, 12248, 105, 8, -8
16.54, -9756, -2252, 12072, 113, 12, 5
16.56, -9752, -2288, 12020, 111, 18, 19
16.57, -9592, -2132, 11836, 87, 16, 18
16.59, -9420, -2084, 11796, 65, 27, 3
16.61, -9368, -2544, 12152, 47, 46, -5
16.63, -9580, -2556, 12532, 30, 74, -1
16.65, -9868, -2740, 12800, 15, 91, 7
16.67, -10164, -2800, 12912, 4, 90, 16
16.68, -10228, -3128, 12908, -5, 71, 22
16.70, -10336, -3496, 12928, 4, 42, 35
16.72, -10200, -3684, 12568, 18, 20, 33
16.74, -9800, -3436, 12348, 46, 22, 22
16.76, -9560, -2960, 12340, 70, 32, 21
16.77, -9520, -2540, 12260, 80, 51, 28
16.79, -9664, -2152, 12084, 84, 60, 34
16.81, -9780, -2080, 11936, 84, 64, 35
16.83, -9808, -2256, 11932, 74, 64, 19
16.85, -9496, -2368, 11672, 51, 62, -10
16.87, -9752, -2624, 11996, 40, 79, -23
16.89, -10156, -2788, 12768, 37, 93, -17
16.90, -10352, -2832, 12684, 29, 101, -9
16.92, -10548, -3068, 12756, 20, 80, -5
16.94, -10612, -3320, 12700, 22, 58, 4
16.95, -10548, -3428, 12656, 24, 30, 20
16.97, -10444, -3704, 12568, 37, -20, 26
16.99, -9860, -3380, 12284, 61, -22, 15
17.01, -9556, -2832, 12408, 82, -5, 17
17.03, -9560, -2552, 12248, 92, 23, 26
17.05, -9604, -2032, 11956, 95, 35, 41
17.07, -9788, -2088, 11924, 89, 43, 38
17.08, -9792, -2096, 11524, 68, 39, 30
17.10, -9596, -2412, 11680, 49, 39, -6
17.12, -9728, -2592, 12004, 41, 52, -12
17.14, -9960, -2804, 12320, 39, 73, -10
17.16, -10200, -2600, 12672, 36, 79, -6
17.17, -10344, -2904, 12728, 30, 73, -4
17.19, -10324, -3172, 12828, 28, 49, 7
17.21, -10452, -3528, 12848, 26, 18, 22
17.23, -10228, -3668, 12472, 44, -19, 26
17.25, -9980, -3256, 12336, 72, -12, 14
17.27, -9596, -2768, 12296, 84, 9, 17
17.29, -9528, -2132, 12136, 105, 37, 29
17.31, -9668, -2088, 11988, 100, 45, 39
17.33, -9732, -2156, 11776, 73, 55, 26
17.35, -9768, -2524, 11668, 50, 56, 3
17.37, -9704, -2508, 11720, 37, 62, -22
17.39, -9948, -2696, 12188, 31, 72, -22
17.40, -10380, -2960, 12692, 36, 83, -14
17.42, -10556, -2944, 12888, 28, 73, -12
17.44, -10516, -2972, 12620, 27, 49, -1
17.46, -10432, -3268, 12548, 24, 20, 21
17.48, -10368, -3516, 12648, 28, -1, 24
17.50, -9764, -3572, 12184, 55, -17, 18
17.52, -9596, -2872, 12264, 72, 8, 18
17.54, -9544, -2444, 12356, 81, 27, 26
17.55, -9660, -2200, 12196, 89, 46, 29
17.57, -9804, -2136, 12004, 90, 52, 29
17.59, -9900, -2068, 11804, 74, 49, 21
17.61, -9768, -2400, 11724, 56, 45, 254
17.63, -9736, -2624, 11768, 39, 52, -16
17.64, -9908, -2764, 12316, 43, 71, -8
17.67, -10248, -2780, 12632, 37, 80, -8
17.68, -10376, -2780, 12744, 25, 72, -8
17.70, -10404, -2940, 12764, 21, 46, -1
17.72, -10388, -3112, 12612, 26, 21, 17
17.74, -10300, -3620, 12704, 34, -8, 30
17.75, -9912, -3540, 12368, 59, -17, 22
17.77, -9600, -2896, 12200, 73, 1, 14
17.79, -9604, -2476, 12176, 83, 24, 21
17.81, -9604, -2116, 12116, 91, 42, 27
17.83, -9816, -2284, 11788, 84, 52, 38
17.85, -9916, -2232, 11868, 72, 47, 20
17.87, -9808, -2312, 11584, 52, 40, -4
17.88, -9752, -2560, 11884, 37, 54, -20
17.90, -9916, -2740, 12316, 32, 75, -15
17.92, -10260, -3056, 12692, 36, 84, -11
17.94, -10400, -2884, 12788, 24, 73, -8
17.95, -10536, -3112, 12684, 21, 53, -2
17.97, -10352, -3324, 12596, 23, 27, 11
17.99, -10368, -3560, 12732, 33, 0, 27
18.01, -10080, -3568, 12468, 52, -21, 23
18.02, -9948, -3308, 12320, 71, -13, 16
18.04, -9604, -2620, 12276, 82, 18, 28
18.06, -9620, -2184, 12112, 96, 33, 31
18.08, -9788, -2284, 12028, 95, 51, 36
18.10, -9892, -2240, 11788, 76, 42, 28
18.12, -9760, -2560, 11628, 52, 41, 253
18.14, -9688, -2528, 11792, 38, 51, -17
18.17, -10068, -2876, 12576, 32, 85, -10
18.19, -10356, -2876, 12704, 28, 72, -6
18.21, -10396, -3016, 12604, 32, 43, 2
18.23, -10556, -3512, 13012, 35, 21, 20
18.25, -10496, -3584, 12796, 40, -13, 16
18.27, -9788, -3208, 12272, 61, -18, 12
18.29, -9636, -2740, 12248, 66, -2, 13
18.30, -9476, -2376, 12136, 86, 27, 24
18.32, -9628, -2108, 12056, 97, 42, 34
18.34, -9676, -2088, 11912, 88, 45, 35
18.36, -9848, -2184, 11848, 72, 51, 20
18.38, -9696, -2236, 11584, 46, 55, -14
18.40, -9760, -2572, 12112, 35, 72, -19
18.42, -10100, -2844, 12716, 34, 83, -8
18.43, -10344, -2824, 12736, 25, 88, -8
18.45, -10464, -2940, 12764, 17, 75, -5
18.47, -10736, -3320, 12760, 24, 45, 13
18.49, -10732, -3648, 12728, 27, 7, 25
18.51, -10388, -3704, 12336, 49, -12, 18
18.52, -9644, -3196, 12172, 74, -12, 11
18.54, -9556, -2616, 12192, 80, 19, 10
18.56, -9512, -2136, 12180, 91, 40, 26
18.58, -9784, -2004, 12024, 94, 56, 30
18.60, -9876, -2272, 11888, 67, 54, 23
18.62, -9888, -2396, 11672, 54, 48, 1
18.64, -9736, -2588, 11720, 44, 54, -12
18.65, -9936, -2604, 12192, 45, 66, -13
18.67, -10144, -2716, 12560, 38, 83, -5
18.69, -10388, -2848, 12720, 33, 79, -4
18.70, -10496, -2940, 12624, 26, 59, -1
18.72, -10500, -3260, 12556, 28, 38, 9
18.74, -10476, -3592, 12764, 29, 6, 25
18.76, -10152, -3596, 12356, 48, -18, 19
18.77, -9660, -3076, 12204, 68, -12, 11
18.79, -9600, -2576, 12300, 76, 16, 19
18.81, -9628, -2216, 12164, 86, 36, 27
18.83, -9872, -2136, 11776, 88, 42, 32
18.85, -9904, -2256, 11972, 80, 41, 27
18.87, -9832, -2336, 11648, 59, 34, 1
18.88, -9640, -2500, 11744, 50, 48, -14
18.90, -9852, -2700, 12128, 41, 64, -8
18.92, -10112, -2776, 12676, 38, 78, -6
18.94, -10312, -2780, 12732, 32, 76, -6
18.96, -10472, -3028, 12868, 27, 55, 1
18.97, -10604, -3400, 12824, 17, 25, 14
19.00, -10480, -3644, 12308, 49, -12, 17
19.02, -9528, -3144, 12116, 68, -5, 6
19.03, -9384, -2804, 12136, 84, 26, 8
19.05, -9432, -2040, 12152, 84, 56, 16
19.07, -9736, -2112, 12212, 79, 62, 22
19.09, -10124, -2084, 12072, 63, 59, 17
19.11, -10264, -2616, 12048, 51, 48, -254
19.12, -10104, -2732, 12044, 46, 37, -3
19.14, -9928, -2644, 12116, 47, 39, -4
19.16, -9988, -2660, 12380, 48, 52, -5
19.18, -10052, -2740, 12468, 43, 55, 0
19.20, -10112, -2840, 12472, 36, 53, 254
19.22, -10076, -3120, 12568, 37, 30, 8
19.24, -10064, -3288, 12648, 45, 24, 13
19.26, -9936, -3344, 12484, 43, 21, 7
19.27, -9768, -3024, 12276, 55, 28, 3
19.29, -9980, -2672, 12188, 64, 54, 8
19.31, -9932, -2424, 12180, 74, 60, 23
19.33, -10216, -2380, 12316, 79, 48, 29
19.35, -10200, -2524, 12240, 64, 37, 23
19.37, -10084, -2332, 11788, 54, 28, 16
19.39, -9948, -2632, 12072, 48, 31, 7
19.40, -9904, -2644, 12028, 49, 41, 3
19.42, -9952, -2748, 12188, 47, 53, 7
19.44, -10036, -2760, 12344, 49, 56, 4
19.46, -10148, -2864, 12468, 38, 48, 4
19.48, -10100, -3324, 12492, 37, 41, 11
19.50, -10284, -3192, 12840, 41, 25, 18
19.51, -10144, -3204, 12540, 44, 15, 17
19.53, -9856, -2988, 12216, 60, 13, 11
19.55, -9736, -2656, 12196, 73, 29, 15
19.57, -9784, -2396, 12192, 77, 42, 21
19.59, -9912, -2328, 12100, 80, 49, 25
19.60, -10028, -2408, 12064, 70, 48, 19
19.62, -10060, -2444, 11800, 54, 39, 3
19.64, -9856, -2520, 11860, 49, 42, -3
19.66, -9816, -2688, 12112, 41, 53, -12
19.68, -10024, -2764, 12400, 39, 67, -2
19.70, -10240, -2852, 12536, 35, 58, 8
19.72, -10328, -3100, 12584, 39, 47, 7
19.74, -10540, -3324, 12876, 35, 29, 17
19.75, -10356, -3432, 12564, 46, -4, 16
19.77, -9920, -3208, 12188, 60, -9, 15
19.79, -9728, -2668, 12140, 79, 17, 18
19.81, -9668, -2328, 12160, 81, 37, 24
19.83, -9828, -2228, 12108, 85, 36, 32
19.84, -10004, -2284, 12280, 79, 42, 25
19.86, -9848, -2400, 11672, 63, 32, 9
19.88, -9576, -2500, 11640, 46, 45, -11
19.90, -9504, -2688, 12112, 43, 88, 2
19.94, -10372, -2788, 12544, 34, 82, 1
19.96, -10560, -2988, 12824, 21, 50, 8
19.98, -10752, -3420, 12904, 12, 17, 24
19.99, -10320, -3752, 12432, 45, -25, 18
20.01, -9980, -3252, 12232, 72, -10, 18
20.03, -9576, -2616, 12212, 86, 11, 24
20.05, -9512, -2116, 12088, 91, 42, 32
20.07, -9660, -1976, 11876, 80, 53, 34
20.10, -9828, -2068, 11604, 58, 48, 12
20.12, -9640, -2536, 11536, 35, 62, -12
20.14, -9788, -2732, 12120, 32, 80, -18
20.15, -10180, -2908, 12692, 32, 93, -10
20.17, -10416, -2816, 12844, 35, 95, -8
20.19, -10564, -2996, 12884, 30, 68, 3
20.21, -10532, -3444, 12884, 25, 23, 26
20.23, -10384, -3636, 12384, 40, -21, 23
20.25, -10040, -3256, 12160, 68, -26, 13
20.27, -9648, -2692, 12112, 81, 5, 21
20.29, -9512, -2196, 11968, 89, 30, 30
20.30, -9540, -2016, 11936, 89, 49, 40
20.32, -9824, -2176, 11844, 77, 59, 34
20.34, -9812, -2280, 11744, 58, 52, 5
20.36, -9756, -2504, 12024, 33, 65, -12
20.38, -9984, -2668, 12368, 33, 83, -5
20.40, -10312, -2832, 12628, 35, 90, -2
20.42, -10580, -2852, 12772, 24, 79, 5
20.44, -10640, -3040, 12784, 20, 56, 9
20.45, -10748, -3468, 12892, 21, 26, 20
20.47, -10464, -3696, 12408, 36, -19, 25
20.49, -9860, -3220, 12096, 69, -13, 10
20.51, -9640, -2688, 12204, 84, 12, 14
20.53, -9604, -2268, 12148, 87, 29, 25
20.55, -9804, -2112, 12284, 91, 40, 34
20.56, -9872, -2292, 11876, 76, 52, 23
20.58, -9900, -2308, 11664, 56, 52, 0
20.60, -9756, -2532, 11772, 40, 52, -10
20.62, -9884, -2644, 11848, 44, 66, -15
20.64, -10176, -2704, 12496, 36, 86, -3
20.65, -10480, -2792, 12676, 34, 83, -9
20.67, -10584, -2880, 12700, 26, 62, -5
20.69, -10636, -3360, 12812, 22, 28, 16
20.71, -10636, -3688, 12728, 35, -6, 25
20.73, -10004, -3416, 12212, 63, -21, 6
20.75, -9684, -2972, 12176, 81, 0, 15
20.77, -9624, -2304, 12116, 91, 21, 24
20.79, -9648, -2096, 12116, 97, 35, 41
20.80, -9760, -2028, 11864, 82, 48, 34
20.83, -9880, -2248, 11656, 56, 46, 20
20.84, -9828, -2360, 11584, 41, 56, -16
20.86, -9820, -2688, 11832, 34, 68, -20
20.88, -10172, -2868, 12488, 37, 84, -14
20.90, -10464, -2880, 13052, 34, 86, -8
20.92, -10584, -2832, 12764, 30, 60, -9
20.94, -10636, -3180, 12816, 31, 34, 5
20.95, -10716, -3516, 12664, 34, 1, 14
20.97, -10312, -3812, 12296, 54, -41, 12
20.99, -9972, -2836, 12164, 77, -19, 5
21.01, -9508, -2560, 12280, 93, 9, 18
21.03, -9576, -2068, 12096, 96, 41, 20
21.05, -9812, -2028, 12032, 91, 56, 28
21.07, -10008, -2256, 11796, 69, 55, 19
21.08, -9732, -2428, 11688, 52, 47, 0
21.10, -9820, -2608, 11604, 42, 50, -19
21.12, -9972, -2676, 12180, 42, 75, -14
21.14, -10384, -2844, 12700, 42, 79, -6
21.16, -10280, -2948, 12708, 31, 64, -6
21.18, -10508, -3132, 12840, 30, 37, 8
21.20, -10692, -3332, 12632, 33, 2, 26
21.22, -10468, -3508, 12284, 56, -21, 25
21.24, -9708, -2904, 12192, 77, -10, 25
21.25, -9604, -2468, 12216, 79, 14, 33
21.27, -9664, -2172, 11792, 84, 38, 38
21.29, -9840, -2144, 11876, 78, 50, 33
21.31, -10020, -2348, 11860, 68, 45, 23
21.33, -9812, -2316, 11552, 42, 44, -3
21.35, -9652, -2312, 11544, 38, 58, -17
21.37, -10016, -2660, 12336, 36, 75, -14
21.38, -10352, -2868, 12612, 41, 84, -8
21.40, -10564, -2832, 12756, 34, 73, -11
21.42, -10560, -2968, 12760, 33, 47, -256
21.44, -10568, -3480, 12760, 33, 15, 19
21.46, -10404, -3604, 12476, 47, -18, 21
21.48, -9804, -3352, 12204, 69, -16, 19
21.50, -9564, -2656, 12168, 84, 19, 18
21.52, -9660, -2188, 12248, 89, 45, 27
21.53, -9876, -2036, 11996, 87, 51, 33
21.55, -10128, -2108, 11912, 76, 57, 29
21.57, -10040, -2332, 11732, 62, 42, 20
21.58, -9916, -2444, 11568, 44, 44, -6
21.60, -9516, -2564, 11792, 36, 57, -19
21.62, -10028, -2712, 12280, 41, 74, -12
21.64, -10320, -2884, 12692, 39, 84, -7
21.66, -10492, -2864, 12768, 31, 75, -9
21.68, -10652, -3128, 12792, 26, 41, 2
21.70, -10640, -3496, 12656, 27, 4, 16
21.72, -10380, -3564, 12468, 43, -29, 18
21.73, -9976, -3220, 12124, 71, -30, 15
21.75, -9704, -2636, 12220, 82, -255, 22
21.77, -9696, -2288, 12092, 92, 26, 29
21.79, -9476, -1908, 11888, 93, 47, 32
21.81, -9852, -2040, 11860, 84, 47, 30
21.83, -9832, -2060, 11760, 55, 36, 4
21.85, -9776, -2372, 11484, 38, 52, -18
21.87, -9896, -2668, 12240, 34, 68, -20
21.88, -10216, -2828, 12680, 35, 85, -10
21.90, -10500, -2868, 12764, 37, 83, -13
21.92, -10528, -2972, 12792, 30, 63, -1
21.94, -10592, -3288, 12712, 32, 28, 11
21.95, -10644, -3712, 12568, 36, -4, 25
21.97, -10264, -3468, 12340, 59, -237, 30
22.04, -9692, -2100, 11948, 82, 54, 34
22.06, -9984, -2284, 11872, 68, 55, 29
22.08, -9884, -2308, 11544, 50, 47, -2
22.10, -9812, -2432, 11840, 36, 59, -17
22.12, -10104, -2704, 12404, 38, 81, -5
22.14, -10408, -2804, 12672, 37, 89, 2
22.16, -10584, -2884, 12884, 27, 68, 3
22.18, -10588, -3200, 12628, 25, 42, 16
22.20, -10660, -3616, 12760, 29, 5, 28
22.21, -10328, -3588, 12324, 51, -23, 24
22.23, -9800, -3036, 12216, 73, -10, 19
22.25, -9564, -2484, 12156, 80, 16, 24
22.27, -9628, -2136, 11780, 87, 34, 39
22.29, -9880, -2100, 12028, 88, 46, 34
22.30, -9988, -2268, 11876, 75, 53, 25
22.32, -9928, -2448, 11676, 54, 47, 11
22.34, -9824, -2472, 11780, 40, 50, -15
22.36, -9896, -2580, 12084, 42, 69, -17
22.38, -10140, -2660, 12492, 34, 82, -15
22.40, -10444, -2768, 12664, 33, 85, -15
22.42, -10552, -2920, 12684, 25, 60, -7
22.43, -10736, -3220, 12704, 35, 41, 7
22.45, -10604, -3448, 12824, 31, 11, 17
22.47, -10332, -3668, 12268, 44, -14, 12
22.49, -9828, -3128, 12092, 74, -9, 8
22.51, -9672, -2664, 11936, 92, 16, 16
22.53, -9728, -2140, 11964, 97, 39, 31
22.55, -9820, -2072, 11976, 95, 51, 35
22.57, -10004, -2196, 11844, 71, 52, 25
22.58, -9988, -2276, 11572, 56, 49, 4
22.60, -9896, -2524, 11656, 41, 52, -14
22.62, -10116, -2668, 12084, 33, 65, -9
22.64, -10352, -2680, 12700, 33, 74, 0
22.66, -10524, -2736, 12664, 21, 68, 7
22.67, -10412, -2904, 12568, 14, 52, 13
22.69, -10404, -3304, 12564, 20, 24, 30
22.71, -10316, -3716, 12424, 35, -9, 32
22.73, -9880, -3404, 12228, 58, -2, 17
22.75, -9612, -2860, 12240, 77, 19, 18
22.77, -9640, -2308, 12144, 86, 45, 17
22.78, -9836, -2056, 12084, 94, 55, 24
22.80, -10076, -2084, 11936, 83, 61, 24
22.82, -10212, -2316, 11732, 66, 49, 12
22.84, -10036, -2524, 11596, 52, 34, -7
22.86, -9860, -2572, 11784, 43, 45, -21
22.87, -9960, -2668, 12156, 37, 64, -16
22.90, -10384, -2872, 12640, 33, 72, -12
22.91, -10488, -2948, 12692, 36, 62, -4
22.93, -10280, -3128, 12716, 35, 38, 10
22.95, -10564, -3432, 12532, 40, 8, 18
22.97, -10184, -3340, 12264, 52, -8, 22
22.99, -9812, -2864, 12132, 67, 7, 18
23.01, -9804, -2480, 12088, 73, 21, 28
23.03, -9948, -2148, 12060, 83, 39, 34
23.05, -10000, -2152, 11900, 76, 43, 38
23.07, -10068, -2384, 11932, 65, 38, 23
23.09, -9816, -2480, 11640, 46, 42, -8
23.11, -9820, -2580, 11780, 40, 60, -15
23.13, -10232, -2716, 12504, 37, 68, -4
23.15, -10528, -2864, 12756, 38, 74, 2
23.16, -10524, -2900, 12668, 34, 53, 5
23.18, -10728, -3128, 12664, 33, 30, 10
23.20, -10568, -3448, 12784, 36, 3, 28
23.22, -10180, -3516, 12476, 62, -18, 20
23.24, -9772, -2996, 12152, 74, -3, 14
23.26, -9652, -2428, 12080, 85, 24, 21
23.27, -9644, -2080, 11972, 94, 42, 32
23.29, -9844, -1976, 11884, 89, 55, 34
23.31, -9960, -2160, 11752, 69, 53, 11
23.33, -9896, -2288, 11584, 46, 51, -11
23.35, -9864, -2396, 11876, 35, 65, -18
23.37, -10164, -2680, 12368, 29, 79, -13
23.38, -10392, -2812, 12600, 28, 88, -11
23.40, -10252, -2880, 12632, 27, 71, -6
23.42, -10624, -3128, 12560, 35, 47, 3
23.44, -10696, -3480, 12664, 28, 18, 21
23.46, -10312, -3452, 12212, 49, -19, 13
23.48, -9956, -3328, 12144, 64, -11, 18
23.50, -9812, -2500, 12092, 78, 11, 24
23.52, -9680, -2236, 12020, 94, 30, 33
23.53, -9760, -2100, 11916, 90, 43, 35
23.55, -9928, -2244, 11820, 80, 44, 27
23.57, -9876, -2200, 11548, 59, 46, 7
23.59, -9736, -2328, 11628, 44, 49, -19
23.60, -9772, -2636, 12136, 41, 63, -14
23.63, -10456, -2568, 12688, 40, 77, -9
23.65, -10500, -2848, 12856, 36, 67, -9
23.66, -10600, -3008, 12696, 28, 47, -5
23.68, -10520, -3256, 12724, 38, 26, 12
23.70, -10644, -3504, 12580, 37, -4, 25
23.72, -10144, -3408, 12540, 63, -24, 26
23.73, -9736, -2812, 12080, 77, -6, 18
23.75, -9620, -2332, 12040, 84, 21, 25
23.77, -9604, -1920, 12012, 87, 39, 32
23.79, -9880, -2020, 11968, 75, 55, 27
23.81, -9888, -2244, 11612, 61, 59, 255
23.83, -9840, -2368, 11676, 42, 57, -23
23.85, -10236, -2520, 12160, 38, 77, -26
23.87, -10384, -2716, 12340, 33, 87, -14
23.88, -10532, -2808, 12692, 29, 84, -7
23.90, -10656, -2908, 12684, 27, 35, 12
23.93, -10628, -3536, 12564, 35, 9, 28
23.95, -10324, -3628, 12448, 48, -20, 26
23.97, -9860, -3288, 12136, 65, -6, 21
23.99, -9716, -2472, 12148, 78, 12, 22
24.01, -9944, -2176, 11964, 83, 36, 35
24.03, -9880, -2064, 12224, 80, 51, 35
24.05, -10044, -2228, 11520, 64, 49, 23
24.06, -9880, -2068, 11532, 48, 49, 251
24.08, -9792, -2408, 11724, 33, 65, -19
24.10, -10112, -2652, 12496, 32, 89, -10
24.12, -10460, -3068, 12620, 28, 92, -256
24.14, -10616, -2872, 12624, 26, 75, 2
24.16, -10608, -3200, 12688, 32, 36, 13
24.18, -10984, -3520, 12664, 33, 9, 28
24.20, -10356, -3676, 12220, 50, -23, 23
24.22, -9868, -3088, 12120, 75, -12, 22
24.23, -9696, -2564, 12112, 86, 12, 26
24.26, -9640, -1796, 11820, 100, 35, 32
24.28, -9856, -1912, 11964, 89, 55, 29
24.30, -9976, -2212, 11760, 61, 57, 14
24.32, -9936, -2556, 11540, 42, 46, -20
24.33, -9924, -2572, 11692, 33, 55, -28
24.35, -10204, -2760, 12276, 41, 71, -18
24.37, -10468, -2816, 12644, 39, 75, -6
24.38, -10640, -2744, 12760, 37, 62, -4
24.40, -10604, -2908, 12680, 35, 47, 4
24.42, -10644, -3580, 12604, 35, 14, 20
24.44, -10668, -3676, 12468, 45, -19, 29
24.46, -9940, -3296, 12100, 71, -30, 21
24.47, -9596, -2752, 11964, 88, -256, 16
24.49, -9564, -2224, 11988, 91, 35, 25
24.51, -9760, -2028, 12044, 92, 51, 31
24.53, -10028, -2036, 11996, 76, 57, 29
24.55, -10020, -2316, 11712, 55, 52, 13
24.56, -9944, -2348, 11644, 43, 44, -9
24.58, -9792, -2592, 12000, 33, 60, -15
24.60, -10148, -2716, 12332, 32, 80, -9
24.62, -10396, -2752, 12756, 29, 83, 255
24.64, -10536, -2888, 12628, 27, 73, 3
24.66, -10620, -3244, 12792, 24, 38, 21
24.68, -10688, -3632, 12524, 40, 4, 26
24.69, -10164, -3572, 12140, 63, -14, 18
24.71, -9900, -2804, 11992, 79, -2, 19
24.73, -9804, -2340, 11836, 87, 20, 32
24.75, -9760, -1980, 11848, 87, 38, 30
24.77, -9952, -2040, 11528, 78, 47, 24
24.78, -9896, -2240, 11636, 58, 48, 6
24.80, -9828, -2388, 11264, 34, 55, -18
24.83, -10048, -2688, 12208, 32, 69, -21
24.84, -10416, -2724, 12556, 34, 79, -11
24.86, -10556, -2764, 12544, 32, 78, -9
24.88, -10624, -2960, 12740, 30, 53, 0
24.90, -10988, -3444, 12952, 28, 16, 23
24.92, -10596, -3668, 12432, 44, -17, 29
24.93, -10052, -3336, 12100, 72, -21, 21
24.95, -9728, -2812, 12112, 82, -1, 22
24.97, -9664, -2172, 11900, 84, 25, 36
24.99, -9480, -1848, 11800, 91, 45, 37
25.01, -9872, -2008, 11692, 71, 54, 26
25.03, -9880, -2272, 11580, 49, 50, 5
25.04, -9828, -2492, 11688, 32, 61, -14
25.06, -10044, -2672, 12192, 29, 79, -14
25.08, -10360, -2784, 12580, 28, 88, -7
25.10, -10564, -2900, 12740, 28, 76, -3
25.12, -10596, -2988, 12728, 27, 59, 3
25.13, -10728, -3292, 12860, 30, 39, 20
25.16, -10712, -3356, 12712, 42, -5, 25
25.17, -10108, -3268, 12160, 65, -17, 12
25.19, -9856, -2712, 11980, 77, 1, 16
25.21, -9832, -2504, 11992, 91, 29, 24
25.23, -9828, -2052, 11912, 87, 41, 34
25.25, -9876, -1992, 12000, 80, 50, 30
25.27, -9952, -2080, 11552, 55, 48, -6
25.29, -10012, -2360, 11596, 37, 54, -31
25.31, -10132, -2712, 12164, 36, 63, -21
25.32, -10400, -2764, 12328, 27, 74, -8
25.34, -10480, -2880, 12736, 28, 72, -12
25.36, -10548, -3056, 12548, 35, 56, -3
25.38, -10524, -3384, 12828, 23, 20, 13
25.40, -10636, -3764, 12292, 51, -13, 18
25.41, -10052, -3280, 12080, 71, -22, 15
25.43, -9772, -2656, 12008, 84, 8, 27
25.46, -9508, -2144, 12276, 93, 26, 30
25.47, -9892, -2020, 11884, 91, 44, 28
25.50, -10236, -2168, 11712, 69, 46, 19
25.52, -9980, -2360, 11584, 55, 50, -6
25.53, -9860, -2400, 11640, 39, 56, -19
25.55, -10088, -2628, 12200, 37, 68, -12
25.57, -10344, -2740, 12612, 40, 83, -13
25.58, -10596, -2724, 12816, 32, 78, -7
25.60, -10628, -2948, 12720, 31, 54, 8
25.62, -10804, -3428, 12828, 24, 19, 24
25.64, -10608, -3660, 12456, 41, -19, 28
25.66, -10136, -3104, 12244, 70, -18, 23
25.67, -9684, -2628, 12096, 77, 12, 29
25.69, -9672, -2116, 12100, 83, 31, 32
25.71, -9912, -1960, 11956, 82, 45, 32
25.73, -10028, -2248, 11840, 66, 55, 24
25.75, -10032, -2396, 11816, 50, 48, 6
25.77, -9960, -2480, 11620, 35, 52, -18
25.79, -9892, -2624, 12028, 36, 63, -17
25.80, -10028, -2748, 12500, 36, 85, -7
25.84, -10680, -2964, 12712, 35, 64, 3
25.86, -10828, -3356, 12840, 25, 20, 22
25.88, -10588, -3604, 12244, 44, -7, 17
25.90, -10120, -3184, 12084, 70, -4, 15
25.91, -9860, -2624, 12084, 82, 16, 26
25.93, -9868, -2124, 11928, 87, 24, 33
25.95, -9936, -2048, 11896, 85, 34, 33
25.97, -10008, -2188, 12004, 78, 39, 27
25.99, -9932, -2328, 11536, 54, 48, 1
26.01, -9860, -2372, 11740, 38, 60, -18
26.03, -10112, -2672, 12164, 34, 69, -21
26.05, -10480, -2828, 12488, 33, 78, -7
26.06, -10628, -2804, 12568, 32, 67, -6
26.08, -10680, -3072, 12816, 29, 41, 11
26.10, -10860, -3440, 12804, 30, 6, 29
26.12, -10396, -3800, 12268, 52, -24, 22
26.14, -9940, -3104, 11996, 75, -15, 18
26.16, -9716, -2472, 11796, 91, 11, 28
26.17, -9756, -2120, 11972, 92, 30, 31
26.19, -9864, -2052, 11816, 85, 43, 29
26.21, -10032, -2148, 11768, 68, 52, 14
26.23, -9912, -2068, 11624, 51, 57, -2
26.25, -9940, -2444, 11608, 39, 60, -24
26.26, -10052, -2660, 12172, 35, 74, -20
26.28, -10396, -2764, 12568, 34, 84, -10
26.30, -10600, -2824, 12652, 33, 74, -4
26.32, -10672, -3028, 12780, 33, 55, -2
26.33, -10864, -3320, 12828, 29, 29, 21
26.35, -10608, -3612, 12372, 48, -8, 23
26.37, -10076, -3180, 12208, 71, -13, 23
26.39, -9848, -2636, 12128, 81, 8, 26
26.40, -9804, -2124, 12064, 87, 23, 35
26.43, -9928, -2116, 11912, 82, 39, 37
26.44, -10064, -2172, 11776, 68, 46, 27
26.46, -10036, -2416, 11684, 50, 44, 15
26.48, -9852, -2408, 11540, 40, 52, -13
26.50, -9908, -2584, 12004, 38, 65, -17
26.52, -10228, -2744, 12404, 36, 82, -7
26.54, -10612, -2812, 12560, 34, 85, -10
26.56, -10640, -2920, 12708, 25, 57, -2
26.57, -10688, -3220, 12780, 25, 21, 16
26.60, -10740, -3536, 12428, 44, -9, 18
26.61, -9904, -3176, 12072, 65, -9, 17
26.63, -9692, -2696, 12072, 79, 11, 15
26.65, -9776, -2276, 12112, 80, 40, 19
26.67, -9912, -2028, 11996, 87, 52, 27
26.69, -10212, -2148, 11892, 76, 53, 23
26.70, -10188, -2308, 11800, 56, 50, 2
26.73, -10072, -2432, 11608, 41, 47, -13
26.75, -10056, -2584, 11928, 42, 64, -14
26.76, -10284, -2688, 12312, 46, 78, -6
26.78, -10556, -2728, 12584, 35, 69, -6
26.80, -10684, -3036, 12664, 31, 49, 5
26.82, -10824, -3356, 12872, 25, 24, 23
26.84, -10604, -3700, 12432, 38, -19, 24
26.86, -9992, -3192, 11840, 70, -19, 20
26.88, -9688, -2684, 11972, 90, 20, 30
26.90, -9720, -1988, 11828, 90, 46, 33
26.93, -10020, -1996, 11796, 83, 53, 29
26.94, -10152, -2260, 11652, 57, 50, 13
26.96, -10048, -2424, 11480, 45, 43, -14
26.98, -9912, -2508, 11800, 43, 51, -25
26.99, -10224, -2668, 12380, 39, 77, -11
27.01, -10484, -2704, 12812, 36, 77, -4
27.03, -10676, -2780, 12680, 36, 62, 254
27.05, -10600, -3032, 12656, 30, 40, 10
27.07, -10712, -3468, 12704, 27, 13, 21
27.08, -10380, -3592, 12368, 47, -15, 28
27.10, -9968, -3300, 12100, 72, -11, 17
27.12, -9504, -2472, 12152, 77, 21, 17
27.14, -9836, -2200, 11948, 90, 37, 22
27.16, -9732, -2108, 11792, 87, 52, 23
27.18, -10140, -2232, 11692, 75, 45, 16
27.20, -10016, -2424, 11556, 57, 44, 2
27.21, -9872, -2484, 11652, 43, 45, -14
27.23, -9932, -2548, 11936, 40, 62, -20
27.25, -10312, -2772, 12500, 37, 77, -11
27.26, -10604, -3036, 12548, 31, 80, -5
27.28, -10612, -2920, 12664, 31, 56, 2
27.30, -10768, -3204, 12992, 29, 34, 17
27.32, -10756, -3608, 12576, 40, -7, 33
27.34, -10180, -3148, 12048, 63, -9, 26
27.36, -9952, -2360, 11948, 80, 12, 33
27.38, -9692, -2104, 11832, 86, 32, 35
27.40, -9836, -2000, 11840, 88, 51, 35
27.41, -10044, -2096, 11676, 74, 54, 18
27.43, -10040, -2320, 11480, 49, 56, -6
27.45, -10236, -2464, 11552, 35, 61, -22
27.47, -10220, -2640, 12180, 33, 78, -19
27.49, -10644, -2748, 12596, 32, 78, -9
27.51, -10668, -2884, 12612, 30, 61, -4
27.53, -10668, -2868, 12644, 31, 36, 5
27.55, -10736, -3436, 12572, 34, 14, 28
27.56, -10472, -3632, 12356, 56, -14, 23
27.58, -9916, -3132, 12112, 74, -14, 15
27.60, -9740, -2516, 12280, 80, 13, 22
27.62, -9712, -2076, 11872, 91, 39, 29
27.64, -9908, -1968, 11560, 89, 51, 32
27.66, -10072, -2172, 11768, 67, 53, 16
27.68, -10120, -2328, 11508, 49, 52, -1
27.69, -9972, -2528, 11672, 36, 60, -17
27.71, -10204, -2380, 12144, 41, 75, -13
27.73, -10500, -2808, 12528, 33, 73, -8
27.76, -10560, -2892, 12708, 39, 47, 6
27.78, -10672, -3280, 12692, 32, 28, 21
27.80, -10656, -3500, 12500, 40, -8, 30
27.82, -10156, -3224, 12188, 57, -14, 17
27.83, -9956, -2732, 11800, 70, 3, 20
27.85, -9792, -2376, 12252, 81, 21, 28
27.87, -9864, -2184, 11776, 86, 37, 31
27.89, -9964, -2076, 11744, 82, 46, 29
27.91, -9756, -2144, 11756, 62, 50, 2
27.93, -9812, -2348, 11456, 40, 58, -17
27.95, -10056, -2612, 12148, 41, 66, -20
27.96, -10448, -2760, 12380, 38, 78, -15
27.98, -10632, -2796, 12656, 31, 75, -10
28.00, -10648, -2908, 12772, 29, 56, 1
28.02, -10712, -3244, 12684, 28, 38, 15
28.04, -10784, -3624, 12416, 39, -2, 23
28.06, -10112, -3292, 11824, 67, -19, 17
28.08, -9868, -2628, 12016, 75, 7, 20
28.10, -9760, -2092, 11832, 84, 24, 27
28.11, -9860, -2020, 11796, 86, 36, 27
28.13, -10004, -2156, 11700, 75, 47, 22
28.15, -10108, -2424, 11584, 60, 47, 3
28.17, -9992, -2444, 11628, 49, 54, -14
28.19, -10160, -2536, 11928, 45, 62, -10
28.21, -10476, -2600, 12496, 39, 75, -9
28.23, -10592, -2736, 12304, 28, 68, -6
28.25, -10604, -2936, 12332, 32, 44, 1
28.26, -10704, -3304, 12824, 35, 26, 16
28.28, -10652, -3504, 12460, 33, -10, 27
28.30, -10104, -3180, 12048, 65, -19, 15
28.32, -9872, -2796, 12228, 80, 4, 16
28.34, -9828, -2332, 11812, 79, 28, 21
28.36, -9824, -1888, 11976, 84, 42, 29
28.37, -9756, -2112, 12028, 74, 49, 20
28.39, -10032, -2388, 11628, 61, 49, 3
28.41, -9952, -2496, 11676, 53, 47, -9
28.43, -10004, -2576, 11944, 43, 67, -12
28.45, -10360, -2640, 12456, 40, 77, 1
28.47, -10556, -2772, 12700, 34, 70, 0
28.48, -10536, -2932, 12616, 26, 61, 6
28.50, -10692, -3304, 12672, 29, 37, 24
28.52, -10724, -3520, 12304, 36, 5, 22
28.54, -10036, -3024, 12124, 65, 5, 15
28.56, -9892, -2560, 12080, 75, 24, 20
28.58, -9996, -2200, 11976, 79, 42, 26
28.59, -10132, -2144, 11920, 84, 48, 29
28.61, -10176, -2184, 11804, 78, 41, 24
28.63, -10172, -2340, 11700, 59, 46, 13
28.65, -10120, -2488, 11728, 48, 48, 254
28.67, -10076, -2508, 11680, 43, 52, -13
28.69, -10280, -2644, 12136, 40, 66, -14
28.70, -10600, -2820, 12516, 33, 68, -9
28.73, -10648, -2952, 12600, 31, 49, -5
28.74, -10508, -3208, 12924, 27, 24, 17
28.76, -10612, -3440, 12464, 49, -8, 22
28.78, -10228, -3188, 12276, 67, -20, 24
28.80, -9888, -2748, 11924, 80, 6, 27
28.83, -9776, -2116, 11732, 88, 29, 38
28.85, -9776, -2092, 11548, 85, 42, 32
28.86, -10004, -2164, 11748, 68, 55, 19
28.88, -10008, -2288, 11552, 55, 54, -5
28.90, -10108, -2480, 11592, 42, 65, -16
28.92, -10344, -2700, 12236, 42, 72, -14
28.93, -10608, -2720, 12604, 36, 67, -5
28.95, -10672, -2812, 12564, 28, 56, -3
28.98, -10660, -3188, 12860, 28, 29, 17
28.99, -10596, -3504, 12436, 34, 7, 27
29.01, -10092, -3524, 12064, 58, -10, 10
29.03, -9772, -2728, 12096, 81, 21, 12
29.05, -9940, -2328, 12080, 83, 41, 28
29.07, -10160, -2052, 11952, 82, 50, 27
29.09, -10280, -2252, 11808, 70, 41, 21
29.11, -10152, -2368, 11680, 55, 38, 13
29.13, -10000, -2432, 11476, 47, 41, 1
29.15, -9868, -2472, 11488, 42, 50, -10
29.16, -10100, -2540, 11800, 36, 71, -10
29.18, -10468, -2604, 12332, 29, 81, -12
29.20, -10624, -3064, 12636, 19, 71, -8
29.22, -10704, -2856, 12776, 24, 45, 7
29.24, -10888, -3452, 12808, 23, 12, 20
29.26, -10364, -3588, 12148, 62, -27, 20
29.28, -9896, -3088, 12204, 77, -5, 22
29.29, -9636, -2572, 11944, 86, 23, 29
29.31, -9764, -2100, 11828, 101, 44, 35
29.33, -9984, -1956, 11812, 94, 62, 26
29.35, -10196, -2100, 11716, 74, 56, 8
29.37, -10272, -2328, 11708, 51, 52, -10
29.39, -10104, -2484, 11740, 41, 53, -15
29.40, -10272, -2588, 12228, 33, 61, -17
29.42, -10540, -2744, 12464, 35, 67, -9
29.44, -10672, -2868, 12624, 34, 53, -253
29.46, -10656, -3144, 12644, 35, 34, 10
29.48, -10712, -3532, 12680, 47, 4, 23
29.50, -10220, -3300, 12100, 59, -6, 17
29.52, -9932, -2720, 11968, 71, 8, 17
29.54, -9988, -2344, 11920, 71, 24, 29
29.56, -10120, -2208, 11848, 83, 42, 31
29.58, -10200, -2288, 11784, 78, 42, 22
29.60, -10172, -2320, 11712, 60, 37, 10
29.61, -10116, -2360, 11480, 53, 43, -2
29.63, -9992, -2452, 11888, 48, 53, -13
29.65, -10264, -2332, 12368, 40, 62, -6
29.68, -10560, -2816, 12616, 29, 47, -2
29.70, -10660, -3160, 12700, 27, 34, 8
29.72, -10636, -3672, 12660, 42, 255, 21
29.74, -10252, -3380, 12180, 64, -7, 15
29.76, -9892, -2728, 11972, 81, 13, 18
29.78, -9904, -2348, 11932, 91, 28, 28
29.80, -9952, -1828, 11788, 89, 44, 27
29.82, -10060, -2136, 11788, 77, 37, 16
29.83, -10064, -2060, 11704, 66, 43, 3
29.85, -9980, -2296, 11524, 45, 45, -21
29.87, -9780, -2496, 11908, 42, 66, -18
29.89, -10424, -2588, 12344, 35, 82, -8
29.91, -10620, -2724, 12772, 27, 68, -4
29.93, -10688, -2960, 12800, 24, 48, 9
29.95, -11008, -3456, 12796, 27, 15, 26
29.97, -10616, -3696, 12256, 46, -19, 24
29.99, -10052, -3140, 11968, 72, -22, 22
